2.100000000000000000e+03 2.287243068110000054e-20 3.732786431560000028e-19 6.127441550825931532e-02
2.104675665679999838e+03 2.271469704790000134e-20 3.686020901879999786e-19 6.162389647957424582e-02
2.109380507700000180e+03 2.255657163890000141e-20 3.639649522360000218e-19 6.197457062919069920e-02
2.114114944959999775e+03 2.240031203459999917e-20 3.593661980870000131e-19 6.233282972589715420e-02
2.118879406349999954e+03 2.224825935309999854e-20 3.548039215159999833e-19 6.270578763063842931e-02
2.123674331109999912e+03 2.210282870829999853e-20 3.502729814939999973e-19 6.310172315896596384e-02
2.128500169200000073e+03 2.196640653410000054e-20 3.457687562299999790e-19 6.352918283770060681e-02
2.133357381610000175e+03 2.184138933160000052e-20 3.412970763299999948e-19 6.399524299024926532e-02
2.138246440809999967e+03 2.173003717080000027e-20 3.368697218859999771e-19 6.450575922686710428e-02
2.143167831100000058e+03 2.163453306960000010e-20 3.324894403989999990e-19 6.506833132395944963e-02
2.148122049080000124e+03 2.155682814119999889e-20 3.281501905250000176e-19 6.569195680402233062e-02
2.153109604039999795e+03 2.149870301730000108e-20 3.238786713500000231e-19 6.637887863281800860e-02
2.158131018439999934e+03 2.146162422819999851e-20 3.196805280900000058e-19 6.713459952167585842e-02
2.163186828400000195e+03 2.144680582050000060e-20 3.155093174570000000e-19 6.797519006209043479e-02
2.168277584179999849e+03 2.145508399859999940e-20 3.113708136469999836e-19 6.890525077576331592e-02
2.173403850749999947e+03 2.148698851489999927e-20 3.072672155079999961e-19 6.992932350226789551e-02
2.178566208279999955e+03 2.154263276490000017e-20 3.031982264439999997e-19 7.105131523214523737e-02
2.183765252799999871e+03 2.162180583669999923e-20 2.991662026109999910e-19 7.227355780162912635e-02
2.189001596720000180e+03 2.172387016119999902e-20 2.951728325490000160e-19 7.359711926602777177e-02
2.194275869550000152e+03 2.184787863339999943e-20 2.912108214009999902e-19 7.502426773940268356e-02
2.199588718519999929e+03 2.199248800550000083e-20 2.872701560650000173e-19 7.655681434768951688e-02
2.204940809310000077e+03 2.215608778390000055e-20 2.833503750770000063e-19 7.819325376886873680e-02
2.210332826779999778e+03 2.233673894079999952e-20 2.794565063969999882e-19 7.992921413347986448e-02
2.215765475770000194e+03 2.253229100709999953e-20 2.755930968089999849e-19 8.175927215882342058e-02
2.221239481900000101e+03 2.274036067570000130e-20 2.717652887420000082e-19 8.367647237424986895e-02
2.226755592460000116e+03 2.295842044060000059e-20 2.679786628319999760e-19 8.567256884550168705e-02
2.232314577300000110e+03 2.318381812029999952e-20 2.642294051939999968e-19 8.774124932566909618e-02
2.237917229829999997e+03 2.341383965619999871e-20 2.605018124210000020e-19 8.987975722165272852e-02
2.243564367989999937e+03 2.364573625840000028e-20 2.567890161799999956e-19 9.208235075687652704e-02
2.249256835369999862e+03 2.387679731730000074e-20 2.530988684649999903e-19 9.433782719815606010e-02
2.254995502320000014e+03 2.410434552619999896e-20 2.494401344289999904e-19 9.663378983248983867e-02
2.260781267159999970e+03 2.432585087589999903e-20 2.458166519049999997e-19 9.895932878176671998e-02
2.266615057470000011e+03 2.453888559290000147e-20 2.422583803290000132e-19 1.012922052874904305e-01
2.272497056889999840e+03 2.474122223860000026e-20 2.389686452009999784e-19 1.035333410280240007e-01
2.278422184900000047e+03 2.493068593369999922e-20 2.357038872689999804e-19 1.057712124418531408e-01
2.284391171740000118e+03 2.510559792859999889e-20 2.324558432520000174e-19 1.080015781809519765e-01
2.290404768309999781e+03 2.526463349910000063e-20 2.292236834970000074e-19 1.102182510710358332e-01
2.296463746899999933e+03 2.540678020240000057e-20 2.264001257930000095e-19 1.122206982589297880e-01
2.302568902120000075e+03 2.553148412239999870e-20 2.238208381620000167e-19 1.140710772601096351e-01
2.308721051810000063e+03 2.563859585309999972e-20 2.212245284129999776e-19 1.158940016146662588e-01
2.314921037959999921e+03 2.572843318969999906e-20 2.186170201200000086e-19 1.176872375974090668e-01
2.321169727729999977e+03 2.580185525309999979e-20 2.160079575030000098e-19 1.194486330566856686e-01
2.327468014560000029e+03 2.586020085499999861e-20 2.134374960770000104e-19 1.211605333191813488e-01
2.333816819239999859e+03 2.590538314490000008e-20 2.109126308910000110e-19 1.228251861231011016e-01
2.340217091099999834e+03 2.593985009720000060e-20 2.083957779230000028e-19 1.244739713814379534e-01
2.346669809299999997e+03 2.596656607800000038e-20 2.058787174159999894e-19 1.261255481086555053e-01
2.353175984139999855e+03 2.598904484709999971e-20 2.033704815269999914e-19 1.277916276342672131e-01
2.359736658419999912e+03 2.601125840769999913e-20 2.008625893810000092e-19 1.294977750105637815e-01
2.366352908989999833e+03 2.603761459399999999e-20 1.983572340129999884e-19 1.312662718027896025e-01
2.373025848270000097e+03 2.607290400210000076e-20 1.958621211309999894e-19 1.331186645561826531e-01
2.379756625949999943e+03 2.612220254360000038e-20 1.933730276589999936e-19 1.350871052692245444e-01
2.386546430700000201e+03 2.619080627899999987e-20 1.908994920659999901e-19 1.371968358613809835e-01
2.393396492129999842e+03 2.628410242059999858e-20 1.884472907600000001e-19 1.394772103891614434e-01
2.400308082720000129e+03 2.640745844769999950e-20 1.860020950990000080e-19 1.419739838610128146e-01
2.407282519949999823e+03 2.656611066859999895e-20 1.835649700120000116e-19 1.447232043611769714e-01
2.414321168580000176e+03 2.676497183140000055e-20 1.811468672530000066e-19 1.477528827148775481e-01
2.421425443040000118e+03 2.700847729429999965e-20 1.787411983879999911e-19 1.511038167914244279e-01
2.428596809969999867e+03 2.730043591329999826e-20 1.763368476410000087e-19 1.548198024322194055e-01
2.435836790989999827e+03 2.764380437170000107e-20 1.739420912509999999e-19 1.589253306826680923e-01
2.443146965620000174e+03 2.804049737769999986e-20 1.715656964089999937e-19 1.634388340129108164e-01
2.450528974379999909e+03 2.849125575450000142e-20 1.691961032059999947e-19 1.683919145573421761e-01
2.457984522149999975e+03 2.899549000670000157e-20 1.668509158230000022e-19 1.737808262164962092e-01
2.465515381749999960e+03 2.955114220719999763e-20 1.645222572460000083e-19 1.796178991333312047e-01
2.473123397800000021e+03 3.015468746200000036e-20 1.624586891459999954e-19 1.856144944940451014e-01
2.480798111279999830e+03 3.080011663759999846e-20 1.605128924099999947e-19 1.918856247317934638e-01
2.488535885390000203e+03 3.148055022659999908e-20 1.581555281310000032e-19 1.990480547763382735e-01
2.496337892500000180e+03 3.218848703589999968e-20 1.552286643219999993e-19 2.073617471134681367e-01
2.504205341289999978e+03 3.291578670340000215e-20 1.523533957109999940e-19 2.160489206675651752e-01
2.512139478330000202e+03 3.365404761000000142e-20 1.495099003950000030e-19 2.250957797516229264e-01
2.520141589769999882e+03 3.439500897299999727e-20 1.467055604109999903e-19 2.344492524798743593e-01
2.528213003110000045e+03 3.513096274499999958e-20 1.439482504770000043e-19 2.440527247020151391e-01
2.536355089099999987e+03 3.585512863569999999e-20 1.412400608239999898e-19 2.538594816974715784e-01
2.544569263689999843e+03 3.656192676520000268e-20 1.385825780620000008e-19 2.638277283948540775e-01
2.552856990209999822e+03 3.724713869420000112e-20 1.359729824890000092e-19 2.739304383296382595e-01
2.561219781539999985e+03 3.790796563170000047e-20 1.333997090849999942e-19 2.841682781148023307e-01
2.569659202519999781e+03 3.854297133830000173e-20 1.308648587919999918e-19 2.945249908499973923e-01
2.578176872510000067e+03 3.915191529299999752e-20 1.283666854879999958e-19 3.050005937612216833e-01
2.586774468019999858e+03 3.973551152759999934e-20 1.258950705429999921e-19 3.156240459313946478e-01
2.595453725589999976e+03 4.029510551410000064e-20 1.234502006920000041e-19 3.264077764817377436e-01
2.604216444870000032e+03 4.083260676409999837e-20 1.210369007520000114e-19 3.373566780907952256e-01
2.613064491820000057e+03 4.134951411699999746e-20 1.186647537049999908e-19 3.484565789416686488e-01
2.621999802209999871e+03 4.184880540630000226e-20 1.163425201570000075e-19 3.597034459097719350e-01
2.631024385310000071e+03 4.232966084080000234e-20 1.140659939750000095e-19 3.710979878023720757e-01
2.640140327829999933e+03 4.279733621849999893e-20 1.118289517640000057e-19 3.827035445062387242e-01
2.649349798209999790e+03 4.325893381109999884e-20 1.096137881799999960e-19 3.946486525952669910e-01
2.658655051100000037e+03 4.386415657309999949e-20 1.074119918270000014e-19 4.083729928754000205e-01
2.668058432249999896e+03 4.664266640860000152e-20 1.053330681780000058e-19 4.428112388198889304e-01
2.677562383769999997e+03 5.384437712679999771e-20 1.034905287169999947e-19 5.202831388951556502e-01
2.687169449670000176e+03 6.013552201509999813e-20 1.025214860560000004e-19 5.865650638564910979e-01
2.696882281990000138e+03 6.422424532300000078e-20 1.014963057649999995e-19 6.327742161542504462e-01
2.706703647259999798e+03 6.854235454669999630e-20 1.004802674020000032e-19 6.821474138049089531e-01
2.716636433550000220e+03 7.384143844060000173e-20 9.950336958470000461e-20 7.420998781126114663e-01
2.726683658049999849e+03 8.008212916209999751e-20 9.857177899739999837e-20 8.124245090900946709e-01
2.736848475289999897e+03 8.524687030529999813e-20 9.758374192500000425e-20 8.735765674042120787e-01
2.747134186020000016e+03 8.758023939259999707e-20 9.646023336100000191e-20 9.079414007307358148e-01
2.757544246890000068e+03 8.851933770039999705e-20 9.529298614530000370e-20 9.289176599569275439e-01
2.768082280869999977e+03 9.061531664870000247e-20 9.420019341469999431e-20 9.619440615135661510e-01
2.778749110440000095e+03 9.406516821919999690e-20 9.335230120959999869e-20 1.007636308911115330e+00
2.789521429320000152e+03 9.619659811989999745e-20 9.241710458119999774e-20 1.040896039275708285e+00
2.800401576050000131e+03 9.822187630720000463e-20 9.150602507440000498e-20 1.073392448500954943e+00
2.811391975619999812e+03 1.053080672620000021e-19 9.086337016960000040e-20 1.158971619316325308e+00
2.822495144009999876e+03 1.159414378359999897e-19 9.036207232799999455e-20 1.283076348837496328e+00
2.833713692979999905e+03 1.254389421280000104e-19 8.977067086490000048e-20 1.397326553533044580e+00
2.845050335309999809e+03 1.316040849720000012e-19 8.903057602409999776e-20 1.478189750635507949e+00
2.856507890289999978e+03 1.391763734950000051e-19 8.835443658420000121e-20 1.575205262752909174e+00
2.868089289659999849e+03 1.536025532230000120e-19 8.794907503989999473e-20 1.746494242870830549e+00
2.879797584009999809e+03 1.714024776890000083e-19 8.767191094000000015e-20 1.955044390515254804e+00
2.891635949559999972e+03 1.865676137209999994e-19 8.728631549120000101e-20 2.137421114307537895e+00
2.903607695579999927e+03 1.987772262130000113e-19 8.678600249999999819e-20 2.290429567982463777e+00
2.915716272220000064e+03 2.068363098569999899e-19 8.610067772019999578e-20 2.402261112614614280e+00
2.927965279099999862e+03 2.112036234350000096e-19 8.526548851470000273e-20 2.477011826403691330e+00
2.940358474489999935e+03 2.150507500599999963e-19 8.440944733090000032e-20 2.547709490585371661e+00
2.952899785229999907e+03 2.143317087369999966e-19 8.339183567159999855e-20 2.570176169056235249e+00
2.965593317530000149e+03 2.051740654660000020e-19 8.207376195739999705e-20 2.499874022741819246e+00
2.978443368539999938e+03 1.928165458060000013e-19 8.067194218459999865e-20 2.390131445760680151e+00
2.991448336750000180e+03 1.853387298269999987e-19 7.954642200470000087e-20 2.329944265953901361e+00
3.004593541109999933e+03 1.879042606089999987e-19 7.878737460670000039e-20 2.384953954196372017e+00
3.017882326660000217e+03 1.994911336690000083e-19 7.835149772170000209e-20 2.546104917835533943e+00
3.031318171469999925e+03 2.106614500099999986e-19 7.789403650750000217e-20 2.704461849139330631e+00
3.044904694089999794e+03 2.175760349570000116e-19 7.728155697380000430e-20 2.815368161264693914e+00
3.058645661600000039e+03 2.228338220829999808e-19 7.660264302369999481e-20 2.908957358221408995e+00
3.072544998280000073e+03 2.301700657879999991e-19 7.581258872920000435e-20 3.036040183381148783e+00
3.086606794929999978e+03 2.445654100270000225e-19 7.514271975769999828e-20 3.254678707606121879e+00
3.100835318880000159e+03 2.582434028959999793e-19 7.445875380629999917e-20 3.468274577463447361e+00
3.115235024829999929e+03 2.642903735670000200e-19 7.351956255189999996e-20 3.594830605533436252e+00
3.129810566560000098e+03 2.672479276649999804e-19 7.248272063039999550e-20 3.687057071543109910e+00
3.144566809519999879e+03 2.669808504809999858e-19 7.134778265500000464e-20 3.741964228544811810e+00
3.159508844580000186e+03 2.599474677479999858e-19 6.999894248800000556e-20 3.713591355934599658e+00
3.174642002860000048e+03 2.494289880509999792e-19 6.853890823580000436e-20 3.639231999331956846e+00
3.189971871860000192e+03 2.295273514709999909e-19 6.677644532100000206e-20 3.437250221506141123e+00
3.205504313009999805e+03 2.018101963699999905e-19 6.476037518489999722e-20 3.116260457012539398e+00
3.221245480810000117e+03 1.875792212760000046e-19 6.319512632719999721e-20 2.968254550276347548e+00
3.237201843700000154e+03 1.826532545119999894e-19 6.195346832619999651e-20 2.948232914907789048e+00
3.253380206859999817e+03 1.791974621510000048e-19 6.077465038180000433e-20 2.948556034880353671e+00
3.269787737239999842e+03 1.782321892540000119e-19 5.985171239600000218e-20 2.977896239204537832e+00
3.286431990969999788e+03 1.816288236439999906e-19 5.922865751980000284e-20 3.066569989084792169e+00
3.303277188170000045e+03 1.905528513509999933e-19 5.884043755880000300e-20 3.238467612695403286e+00
3.320310387739999896e+03 2.064910917120000083e-19 5.867980371679999912e-20 3.518946530710389986e+00
3.337535997439999846e+03 2.231679784689999998e-19 5.852648608560000129e-20 3.813110839126711227e+00
3.354958596169999964e+03 2.392918585339999839e-19 5.833552305619999675e-20 4.101992165279259694e+00
3.372582943389999855e+03 2.521279393979999905e-19 5.803669526930000347e-20 4.344284908506317322e+00
3.390413989270000002e+03 2.613783538699999989e-19 5.764126534940000560e-20 4.534570021765157222e+00
3.408456885409999813e+03 2.739571363909999798e-19 5.734177730960000192e-20 4.777618505123224502e+00
3.426716996600000130e+03 2.865725157460000048e-19 5.703088704530000477e-20 5.024865131737712431e+00
3.445199913240000114e+03 2.993184262530000237e-19 5.670518587470000399e-20 5.278501809594563277e+00
3.463911464840000008e+03 3.177106828789999913e-19 5.654589116820000204e-20 5.618634286511564824e+00
3.482857734549999805e+03 3.409306780710000102e-19 5.650939557050000173e-20 6.033168017974314346e+00
3.502045074810000187e+03 3.658681776559999972e-19 5.650655920600000360e-20 6.474791294975030809e+00
3.521480124319999959e+03 3.858751290220000206e-19 5.635688570989999489e-20 6.846991705828322949e+00
3.541169826329999978e+03 3.979907538620000161e-19 5.599727484349999876e-20 7.107323614841903670e+00
3.561121448509999937e+03 4.023700694479999857e-19 5.541277266809999978e-20 7.261323519363184431e+00
3.581342604529999790e+03 4.020012571460000046e-19 5.469814863499999857e-20 7.349449061403319661e+00
3.601841277489999811e+03 3.971416395919999859e-19 5.389339515449999735e-20 7.369022464691378893e+00
3.622625845399999889e+03 3.927451015489999876e-19 5.310082453290000107e-20 7.396214748146980433e+00
3.643705108999999993e+03 3.801425786130000189e-19 5.209393124919999784e-20 7.297252664509511710e+00
3.665088322170000083e+03 3.367673033609999811e-19 5.026469584359999760e-20 6.699877472826272218e+00
3.686785225130000072e+03 2.759286991919999941e-19 4.800608830879999882e-20 5.747785518725955001e+00
3.708778681830000096e+03 2.257156003660000213e-19 4.628043072750000222e-20 4.877128341674637824e+00
3.731035481710000113e+03 2.044503063849999979e-19 4.534389255260000072e-20 4.508883002222024317e+00
3.753561999869999909e+03 2.017384034209999956e-19 4.440213506919999785e-20 4.543439253688904778e+00
3.776364865649999956e+03 2.114254490970000079e-19 4.401603844069999802e-20 4.803372965557543672e+00
3.799450977080000030e+03 2.339579151910000141e-19 4.412075379740000136e-20 5.302672666594081541e+00
3.822827516259999811e+03 2.832624111239999977e-19 4.489455524560000181e-20 6.309504784586585480e+00
3.846501965999999811e+03 3.628594810699999993e-19 4.647640667630000276e-20 7.807391040302501750e+00
3.870482127629999923e+03 4.466207916620000314e-19 4.811061062549999789e-20 9.283207713544966211e+00
3.894776140269999814e+03 4.980426947299999708e-19 4.886345511309999943e-20 1.019253946691292612e+01
3.919392501580000044e+03 5.111772435759999620e-19 4.875897943330000291e-20 1.048375600796293305e+01
3.944340090180000061e+03 4.888361034210000183e-19 4.787585565650000094e-20 1.021049330017837065e+01
3.969628189890000158e+03 4.465061902210000053e-19 4.656512079879999936e-20 9.588854974741236603e+00
3.995266516029999821e+03 4.230355511379999856e-19 4.579636476449999714e-20 9.237317269905334527e+00
4.021207302140000138e+03 4.465263006190000467e-19 4.609531830569999769e-20 9.687020657015054326e+00
4.047431591460000163e+03 4.872693801610000075e-19 4.658176533479999795e-20 1.046051768667028270e+01
4.073945033859999967e+03 5.077251495859999541e-19 4.655353306439999931e-20 1.090626459829883466e+01
4.100753460699999778e+03 4.891796980110000063e-19 4.569540987819999944e-20 1.070522617730963688e+01
4.127862893059999806e+03 4.545582164799999783e-19 4.453648842160000047e-20 1.020642247716012641e+01
4.155279550469999776e+03 4.242635364279999895e-19 4.347849316639999941e-20 9.758009202487015088e+00
4.183009860150000350e+03 3.939232117579999858e-19 4.239284068169999869e-20 9.292210793697707416e+00
4.211060466730000371e+03 3.538357246950000231e-19 4.107362263659999851e-20 8.614670486350116008e+00
4.239438242729999729e+03 3.131800589780000117e-19 3.970226026280000048e-20 7.888217368607643110e+00
4.268150299500000074e+03 2.735949946779999935e-19 3.831749006529999982e-20 7.140211799148226568e+00
4.297203999020000083e+03 2.504118882840000177e-19 3.734839273269999833e-20 6.704756750208275662e+00
4.326572647310000320e+03 2.623143957370000134e-19 3.731145504940000206e-20 7.030398449744142297e+00
4.356224289499999941e+03 2.877292292299999902e-19 3.758831144799999921e-20 7.654752718223247321e+00
4.386163254690000031e+03 3.025734402069999798e-19 3.758094102419999879e-20 8.051247040678406464e+00
4.416393974259999595e+03 3.012369373920000190e-19 3.720195829469999722e-20 8.097340871298056797e+00
4.446920985189999556e+03 3.128710936769999765e-19 3.705444772020000062e-20 8.443550313838310117e+00
4.477748933629999556e+03 3.431427272970000204e-19 3.731306933879999993e-20 9.196314679483711174e+00
4.508882578519999697e+03 3.584355615880000227e-19 3.722197888739999788e-20 9.629675054953457547e+00
4.540326795480000328e+03 3.515388182139999915e-19 3.664049490129999704e-20 9.594270469352407460e+00
4.572086580770000182e+03 3.393569868019999883e-19 3.595676929179999782e-20 9.437916517138010164e+00
4.604167055519999849e+03 3.258731960889999852e-19 3.525330070159999956e-20 9.243764118637832539e+00
4.636573470039999847e+03 2.963685877699999835e-19 3.424079794299999993e-20 8.655422933290255472e+00
4.669311208449999867e+03 2.671711423029999918e-19 3.321852755170000046e-20 8.042835188500918164e+00
4.702385793409999678e+03 2.524900879850000046e-19 3.255410954220000060e-20 7.756012728829097647e+00
4.735765907940000034e+03 2.375567801010000189e-19 3.191951059070000213e-20 7.442369124864152141e+00
4.769413965069999904e+03 2.247615056550000202e-19 3.133199020429999863e-20 7.173547042158649134e+00
4.803332616059999964e+03 2.084540827429999905e-19 3.067383930040000147e-20 6.795826264248624682e+00
4.837524546949999603e+03 1.830300496419999948e-19 2.984062008120000184e-20 6.133587343156833960e+00
4.871992479229999844e+03 1.723411459699999916e-19 2.932903537009999748e-20 5.876127318721713344e+00
4.906739170410000042e+03 1.807896749539999889e-19 2.924566883959999828e-20 6.181758945078470902e+00
4.941767414689999896e+03 1.819862944390000008e-19 2.904784941220000255e-20 6.265052254180522695e+00
4.977080043599999954e+03 1.821798755690000013e-19 2.885955762769999975e-20 6.312635762446337395e+00
5.012679926699999669e+03 1.912975968469999910e-19 2.880390938270000123e-20 6.641376151596136701e+00
5.048569972209999833e+03 2.099112818170000031e-19 2.887078518690000239e-20 7.270716070176240109e+00
5.084753127789999780e+03 2.317051469479999993e-19 2.902031989800000133e-20 7.984238208344783594e+00
5.121232381159999932e+03 2.408681293129999944e-19 2.895600424660000082e-20 8.318417391490838142e+00
5.157947199219999675e+03 2.387110329899999805e-19 2.866636271180000004e-20 8.327217351915344068e+00
5.194867653600000267e+03 2.317050305559999913e-19 2.831818736509999945e-20 8.182198513226829562e+00
5.231994251289999738e+03 2.024085144849999944e-19 2.754969511409999984e-20 7.347032830915316559e+00
5.269327494359999946e+03 1.721969714380000068e-19 2.674407904780000052e-20 6.438695126881369468e+00
5.306867879870000252e+03 1.670194098109999964e-19 2.651292612909999947e-20 6.299546455103769205e+00
5.344615899909999825e+03 1.734930696910000062e-19 2.654230112249999861e-20 6.536474320379454639e+00
5.382572041499999614e+03 1.724354419529999957e-19 2.636878633279999874e-20 6.539377268892669015e+00
5.420736786550000033e+03 1.572261099869999974e-19 2.581855720369999929e-20 6.089655155651698237e+00
5.459110611869999957e+03 1.489731123850000101e-19 2.544226062889999980e-20 5.855341023265073552e+00
5.497693989100000181e+03 1.654814539349999923e-19 2.564548105519999889e-20 6.452655482609720217e+00
5.536487384660000316e+03 1.879094914800000082e-19 2.600809790849999900e-20 7.225037837872303470e+00
5.575405934770000385e+03 1.946796242479999895e-19 2.601639906629999876e-20 7.482958104689272361e+00
5.614443387860000257e+03 1.938434886349999880e-19 2.587556184960000093e-20 7.491373125024395563e+00
5.653599168110000392e+03 1.897090840430000007e-19 2.566896885520000119e-20 7.390600109928796790e+00
5.692872700490000170e+03 1.798241849299999967e-19 2.534744815990000090e-20 7.094370360109237161e+00
5.732263410849999673e+03 1.671846881190000009e-19 2.497217654119999952e-20 6.694838467250648684e+00
5.771770725960000163e+03 1.617435202099999945e-19 2.474067613559999885e-20 6.537554564940246671e+00
5.811394073579999713e+03 1.671695272979999978e-19 2.471083616660000037e-20 6.765029162548208852e+00
5.851132882500000051e+03 1.726669131659999917e-19 2.467477210059999956e-20 6.997710554814054795e+00
5.890986582620000263e+03 1.746038898969999946e-19 2.455389236860000089e-20 7.111047294492781390e+00
5.930954604939999626e+03 1.765669097770000111e-19 2.443881984590000031e-20 7.224854182417565163e+00
5.971036381689999871e+03 1.712807860880000081e-19 2.418695380470000110e-20 7.081536082262529064e+00
6.011231346300000041e+03 1.491169023419999941e-19 2.358758540079999881e-20 6.321838365742283194e+00
6.051538933509999879e+03 1.121667432269999992e-19 2.263500736489999929e-20 4.955454240361169660e+00
6.091958579379999719e+03 8.162061994740000330e-20 2.179012659919999936e-20 3.745761621706071853e+00
6.132489721339999960e+03 7.340543482590000450e-20 2.151204837769999854e-20 3.412294056664272102e+00
6.173044398830000318e+03 8.785642237639999415e-20 2.182023360170000053e-20 4.026374051722120484e+00
6.213579740629999833e+03 1.146851495639999891e-19 2.241570527559999903e-20 5.116285575401339436e+00
6.254096026229999552e+03 1.361610718270000004e-19 2.287155883600000046e-20 5.953292156574893745e+00
6.294593528960000185e+03 1.462174266109999985e-19 2.307177758159999900e-20 6.337501568479493308e+00
6.335072516219999670e+03 1.477529128119999981e-19 2.307639049310000036e-20 6.402773989120141174e+00
6.375533249609999984e+03 1.435286138610000016e-19 2.292455974389999902e-20 6.260910371427812038e+00
6.415975985099999889e+03 1.353240883050000035e-19 2.267983019480000140e-20 5.966715232992657825e+00
6.456400973239999985e+03 1.263511216669999965e-19 2.244088825719999871e-20 5.630397523434088392e+00
6.496808459269999730e+03 1.189620266660000108e-19 2.236290824469999998e-20 5.319613413617344300e+00
6.537198683259999598e+03 1.140373965860000092e-19 2.250116746630000107e-20 5.068065768444851571e+00
6.577571880309999869e+03 1.091068530459999973e-19 2.242241913280000043e-20 4.865971526078385345e+00
6.617928280639999684e+03 1.038979199009999978e-19 2.197408935329999913e-20 4.728201393492419413e+00
6.658268109740000000e+03 9.801703079009999689e-20 2.158135661490000038e-20 4.541745569526801418e+00
6.698591588520000187e+03 9.157331233670000278e-20 2.130938268619999934e-20 4.297323563296044036e+00
6.738898933399999805e+03 8.630711386460000068e-20 2.111678009359999984e-20 4.087134188169041060e+00
6.779190356459999748e+03 8.242325686770000160e-20 2.095542894329999964e-20 3.933265078501429368e+00
6.819466065540000272e+03 7.877040030210000391e-20 2.080433238389999850e-20 3.786249846837605570e+00
6.859726264369999626e+03 7.498534607080000571e-20 2.065878495459999981e-20 3.629707469998294744e+00
6.899971152670000265e+03 7.227743655309999756e-20 2.054527662279999923e-20 3.517958793160786080e+00
6.940200926239999717e+03 7.065005037899999844e-20 2.048209801609999958e-20 3.449356131557683725e+00
6.980379540500000076e+03 6.910259918640000133e-20 2.043709061280000139e-20 3.381234662781217537e+00
7.020476440510000430e+03 6.744934417649999851e-20 2.038610819079999898e-20 3.308593457133670146e+00
7.060493049970000357e+03 6.608645634640000148e-20 2.033821693659999893e-20 3.249373165425969212e+00
7.100430753380000169e+03 6.472987319320000259e-20 2.028538421870000108e-20 3.190961161757489783e+00
7.140290897529999711e+03 6.245880952810000439e-20 2.016147057890000107e-20 3.097929254896034656e+00
7.180074792909999815e+03 6.011025811279999733e-20 2.002733218039999908e-20 3.001411150089559055e+00
7.219783715049999955e+03 5.833434897809999522e-20 1.991623816889999863e-20 2.928984303330505856e+00
7.259418905790000281e+03 5.638825496969999916e-20 1.980791083950000043e-20 2.846754280479352861e+00
7.298981574479999836e+03 5.406008667150000244e-20 1.969479966260000048e-20 2.744891422996241115e+00
7.338472899180000240e+03 5.121095956640000271e-20 1.961977337989999861e-20 2.610170799366339445e+00
7.377894027739999729e+03 4.804602593759999737e-20 1.954016718970000072e-20 2.458833922512494219e+00
7.417246078879999914e+03 4.463499013369999912e-20 1.945030107699999950e-20 2.294822581768717118e+00
7.456530143169999974e+03 4.257867034580000235e-20 1.939154791220000015e-20 2.195733447303195973e+00
7.495747284039999613e+03 4.207948000169999747e-20 1.937194414299999870e-20 2.172186729998667243e+00
7.534898538659999758e+03 4.267364177380000277e-20 1.936569205430000059e-20 2.203569160045827147e+00
7.573984918860000107e+03 4.363774068169999736e-20 1.936247804760000081e-20 2.253727057787881627e+00
7.613007411960000354e+03 4.455906631569999815e-20 1.935177752539999931e-20 2.302582605510754998e+00
7.651966981610000403e+03 4.551250622310000283e-20 1.935406798049999905e-20 2.351573130204755113e+00
7.690830948619999617e+03 4.672364439840000050e-20 1.937135623129999983e-20 2.411996549983656202e+00
7.729580120800000259e+03 4.815341709319999884e-20 1.936681372300000084e-20 2.486388199005243216e+00
7.768216649549999602e+03 4.917415907220000284e-20 1.935699903640000014e-20 2.540381335956576780e+00
7.806742621700000200e+03 4.943555374549999993e-20 1.933287759260000051e-20 2.557071677959743106e+00
7.845160062150000158e+03 4.863688876520000017e-20 1.928401749880000125e-20 2.522134652088267259e+00
7.883470936419999816e+03 4.684964328000000282e-20 1.921010193140000040e-20 2.438802430476519678e+00
7.921677153010000438e+03 4.494063615540000220e-20 1.917198601890000057e-20 2.344078287512671999e+00
7.959780565699999897e+03 4.324159070909999987e-20 1.914124554900000022e-20 2.259079253667433118e+00
7.997782975699999952e+03 4.231016778159999987e-20 1.913625143369999855e-20 2.210995603197889015e+00
8.035686133690000133e+03 4.114274738070000138e-20 1.912770916269999976e-20 2.150950070954154913e+00
8.073491741800000455e+03 3.957902137089999966e-20 1.910469820769999892e-20 2.071690478468169783e+00
8.111201455399999759e+03 3.759473659910000203e-20 1.906688164230000133e-20 1.971729688387839685e+00
8.148816884930000015e+03 3.500061936109999722e-20 1.901306494119999898e-20 1.840872025070301676e+00
8.186339597539999886e+03 3.263306261880000140e-20 1.896655150930000136e-20 1.720558563468894464e+00
8.223771118709999428e+03 3.121048836090000067e-20 1.894721420209999927e-20 1.647233626431521047e+00
8.261112933750000593e+03 3.137111247580000289e-20 1.897323292970000102e-20 1.653440538680828409e+00
8.298354161830000521e+03 3.336944691069999880e-20 1.905671134890000024e-20 1.751060101596499496e+00
8.335492374229999768e+03 3.625522762110000276e-20 1.916425896659999923e-20 1.891814741404121980e+00
8.372529331059999095e+03 3.978560427870000111e-20 1.928843409500000029e-20 2.062666366940244966e+00
8.409466744130000734e+03 4.361846278699999860e-20 1.941865143549999958e-20 2.246214827630067745e+00
8.446306278789999851e+03 4.722407428629999815e-20 1.954029529800000041e-20 2.416753358437397914e+00
8.483049555670000700e+03 4.993054035240000067e-20 1.958534062069999908e-20 2.549383302510846772e+00
8.519698152330000084e+03 5.138736466899999786e-20 1.957548824279999953e-20 2.625087253591267711e+00
8.556253604830000768e+03 5.182524575920000089e-20 1.954624572230000127e-20 2.651416875419375430e+00
8.592717409220000263e+03 5.162059336609999769e-20 1.950525330420000150e-20 2.646496949362083129e+00
8.629091023000000860e+03 5.094687452150000009e-20 1.945214209689999864e-20 2.619088132695636340e+00
8.665375866500000484e+03 5.002148863369999936e-20 1.941141765169999912e-20 2.576910637401037540e+00
8.701530553570000848e+03 4.893493285929999876e-20 1.937518220520000103e-20 2.525650202461921179e+00
8.737546385370000280e+03 4.746774060059999936e-20 1.933477395899999911e-20 2.455045024123728936e+00
8.773426081069999782e+03 4.541048405310000281e-20 1.928046488339999872e-20 2.355258772427074820e+00
8.809172273649999624e+03 4.299058826110000255e-20 1.921149086430000135e-20 2.237753882026293439e+00
8.844787513690000196e+03 4.070210719679999969e-20 1.914086766589999870e-20 2.126450477964066721e+00
8.880274272849999761e+03 3.895455544170000054e-20 1.915705567400000097e-20 2.033431238317546352e+00
8.915634947340000508e+03 3.792985057139999991e-20 1.919190331759999868e-20 1.976346480268911243e+00
8.950871861010000430e+03 3.742212452589999841e-20 1.923885465199999915e-20 1.945132660067668606e+00
8.985987268400000175e+03 3.681625997170000107e-20 1.928564153930000085e-20 1.908998458603327286e+00
9.020983357580000302e+03 3.582396642869999749e-20 1.933194062080000125e-20 1.853097272094637704e+00
9.055862252860000808e+03 3.503944124680000167e-20 1.939985027719999953e-20 1.806170704728618182e+00
9.090626017329999740e+03 3.453171902270000085e-20 1.947901996719999870e-20 1.772764701758439809e+00
9.125276655350000510e+03 3.425188081779999756e-20 1.955623838579999970e-20 1.751455476359434549e+00
9.159816114769999331e+03 3.412717655310000105e-20 1.963530196679999944e-20 1.738052035604205514e+00
9.194246289200000319e+03 3.409648963030000288e-20 1.971848710469999880e-20 1.729163573719250335e+00
9.228569020060000184e+03 3.396316309079999944e-20 1.980728693940000119e-20 1.714680218179784887e+00
9.262786098579999816e+03 3.330701337639999714e-20 1.983389212019999869e-20 1.679297899501942970e+00
9.296899267659999168e+03 3.191867074110000271e-20 1.984673420520000054e-20 1.608258084735022075e+00
9.330910223709999627e+03 3.065306003699999910e-20 1.986356094679999854e-20 1.543180506209194114e+00
9.364820618319999994e+03 2.993986478669999792e-20 1.989100548000000111e-20 1.505196145906446015e+00
9.398632059920000756e+03 2.936296412690000212e-20 1.991935075310000029e-20 1.474092428556202483e+00
9.432346115329999520e+03 2.878311321750000124e-20 1.995996627949999928e-20 1.442042176547255306e+00
9.465964311249999810e+03 2.820479721110000168e-20 2.003583085470000076e-20 1.407717873825218735e+00
9.499475913199999923e+03 2.765225710139999909e-20 2.011409843840000140e-20 1.374769900131781908e+00
9.532876592689999597e+03 2.715705658040000220e-20 2.019549757639999855e-20 1.344708466709685135e+00
9.566168213490000198e+03 2.674577168509999917e-20 2.028569150340000080e-20 1.318455014492222244e+00
9.599352588589999868e+03 2.643260866549999942e-20 2.039200176969999953e-20 1.296224321869940077e+00
9.632431482109999706e+03 2.621808100609999871e-20 2.046867542630000037e-20 1.280888013516138013e+00
9.665406611079999493e+03 2.599330362100000113e-20 2.052386516339999931e-20 1.266491638590259150e+00
9.698279647249999471e+03 2.563071257130000100e-20 2.057634736459999877e-20 1.245639574271361960e+00
9.731052218670000002e+03 2.527303088880000071e-20 2.063105790749999903e-20 1.224999270619685943e+00
9.763725911289999203e+03 2.491554237059999877e-20 2.068974444630000076e-20 1.204246018372436167e+00
9.796302270480000516e+03 2.455891944459999904e-20 2.075343512910000015e-20 1.183366478456572946e+00
9.828782802460000312e+03 2.420586585140000130e-20 2.087767571820000145e-20 1.159413824513936042e+00
9.861168975630000205e+03 2.385854543700000013e-20 2.103513311050000127e-20 1.134223649152505287e+00
9.893462221929999941e+03 2.351697119829999971e-20 2.119723763570000022e-20 1.109435653950170630e+00
9.925663938080000662e+03 2.317827940669999851e-20 2.136396939180000141e-20 1.084923825794113617e+00
9.957775486759999694e+03 2.283666552190000087e-20 2.153480753190000016e-20 1.060453662660858720e+00
9.989798197770000115e+03 2.248400491970000049e-20 2.170941329840000015e-20 1.035679988705963339e+00
1.002173336910000035e+04 2.211138587670000003e-20 2.185446521309999897e-20 1.011755980349773099e+00
1.005358226800000011e+04 2.171148060439999855e-20 2.199241409910000059e-20 9.872258910079589889e-01
1.008534344000000056e+04 2.128117043829999949e-20 2.214972741100000032e-20 9.607870130144962051e-01
1.011700307649999922e+04 2.082321564920000012e-20 2.231539175049999967e-20 9.331324263547124964e-01
1.014856277469999986e+04 2.034518883109999978e-20 2.248845378240000104e-20 9.046948726649507444e-01
1.018002409079999961e+04 1.985692447269999967e-20 2.266758722080000052e-20 8.760052086390160975e-01
1.021138854170000013e+04 1.936724637860000000e-20 2.285281014619999978e-20 8.474776736295783763e-01
1.024265760609999961e+04 1.888224832249999939e-20 2.304482265430000134e-20 8.193705200407218614e-01
1.027383272620000025e+04 1.840611036780000094e-20 2.324425763390000015e-20 7.918562363960410799e-01
1.030491530869999951e+04 1.794376166970000105e-20 2.345171012520000113e-20 7.651365966023330190e-01
1.033590672610000001e+04 1.750354572549999982e-20 2.366795321749999995e-20 7.395462364087292961e-01
1.036680831779999971e+04 1.709834721789999907e-20 2.389386097960000102e-20 7.155958274176849043e-01
1.039762139120000029e+04 1.674428425829999879e-20 2.413026751710000060e-20 6.939120855760965156e-01
1.042834722270000020e+04 1.645756043830000103e-20 2.437804699780000041e-20 6.750975761013675580e-01
1.045898705909999990e+04 1.625075092250000020e-20 2.463832109800000013e-20 6.595721704357179194e-01
1.048954211779999969e+04 1.612948542420000029e-20 2.491239771559999953e-20 6.474481343921307808e-01
