2.400000000000000000e+03 6.130852060269999432e-20 7.562811453430000416e-19 8.106577954537584618e-02
2.405343617919999815e+03 6.158034861360000089e-20 7.467973108000000383e-19 8.245925329810387117e-02
2.410720580229999996e+03 6.190505017700000481e-20 7.373972937609999521e-19 8.395074229424041856e-02
2.416131365669999923e+03 6.228743396180000287e-20 7.280820268079999898e-19 8.555002275619366658e-02
2.421576464400000077e+03 6.273171195249999798e-20 7.188432515779999666e-19 8.726758137437022611e-02
2.427056378419999874e+03 6.324162141099999893e-20 7.096739766099999535e-19 8.911362610912576532e-02
2.432571621940000114e+03 6.382012894149999586e-20 7.005778421139999685e-19 9.109641371031972079e-02
2.438122721839999940e+03 6.446944027009999967e-20 6.915637757689999715e-19 9.322269692106378847e-02
2.443710218069999883e+03 6.519088748610000021e-20 6.826303166199999551e-19 9.549954916870449784e-02
2.449334664120000070e+03 6.598472001699999848e-20 6.737676771950000342e-19 9.793393516843176827e-02
2.454996627519999947e+03 6.685025850659999904e-20 6.649720887099999579e-19 1.005309239915390951e-01
2.460696690329999910e+03 6.778552866499999844e-20 6.563152928439999738e-19 1.032819582357529936e-01
2.466435449640000115e+03 6.878760792520000053e-20 6.478225227520000006e-19 1.061827977715022048e-01
2.472213518170000043e+03 6.985227698629999967e-20 6.394003326559999887e-19 1.092465446430738868e-01
2.478031524779999927e+03 7.097434922590000576e-20 6.310516055029999532e-19 1.124699606291748866e-01
2.483890115140000034e+03 7.214757116699999852e-20 6.227711303669999627e-19 1.158492544837191190e-01
2.489789952329999778e+03 7.336484475390000256e-20 6.145525896380000074e-19 1.193792785042453453e-01
2.495731717489999937e+03 7.461838475309999576e-20 6.064027364830000370e-19 1.230508707560752507e-01
2.501716110540000045e+03 7.589989163199999734e-20 5.983233781980000047e-19 1.268542971872358427e-01
2.507743850920000114e+03 7.720080651729999530e-20 5.902983560540000292e-19 1.307826893392834144e-01
2.513815678309999839e+03 7.851251497139999431e-20 5.823240935059999965e-19 1.348261489554717085e-01
2.519932353499999863e+03 7.982669084499999812e-20 5.744106522679999690e-19 1.389714667195197650e-01
2.526094659179999780e+03 8.113537287720000358e-20 5.665593954000000441e-19 1.432071792224310913e-01
2.532303400880000027e+03 8.243140596440000275e-20 5.587709039809999790e-19 1.475227242097110758e-01
2.538559407889999875e+03 8.370841540949999631e-20 5.510459129109999976e-19 1.519082411251271303e-01
2.544863534239999808e+03 8.496104614740000439e-20 5.433848767600000067e-19 1.563551909173306886e-01
2.551216659780000100e+03 8.618511453609999509e-20 5.357863092379999816e-19 1.608572541890314900e-01
2.557619691230000171e+03 8.737744854109999519e-20 5.282414561530000400e-19 1.654119485006719237e-01
2.564073563420000028e+03 8.853607674939999743e-20 5.207482220639999978e-19 1.700170504634366531e-01
2.570579240420000133e+03 8.966002594799999414e-20 5.133122816410000050e-19 1.746695513720561144e-01
2.577137716929999897e+03 9.074918876339999541e-20 5.059291094339999568e-19 1.793713527670392216e-01
2.583750019609999981e+03 9.180427872950000306e-20 4.985914388690000481e-19 1.841272664804432524e-01
2.590417208540000047e+03 9.282650597190000504e-20 4.913630417050000013e-19 1.889163369914791391e-01
2.597139493589999802e+03 9.381741107930000292e-20 4.846662696340000151e-19 1.935711580468495174e-01
2.603911068450000130e+03 9.477819987089999750e-20 4.780212349559999939e-19 1.982719447173177663e-01
2.610732767710000189e+03 9.571032328649999585e-20 4.714352836080000157e-19 2.030190073046875265e-01
2.617605449489999955e+03 9.661594037199999751e-20 4.649129672679999916e-19 2.078151120192471280e-01
2.624529996449999999e+03 9.750034380950000420e-20 4.592322256789999617e-19 2.123116331074989538e-01
2.631507316709999941e+03 9.835477976249999473e-20 4.540508352760000396e-19 2.166162291116894567e-01
2.638538344930000221e+03 9.918934294190000287e-20 4.488580500019999653e-19 2.209815395790674653e-01
2.645624043379999875e+03 1.000482394779999956e-19 4.436824264930000040e-19 2.254951593841827695e-01
2.652765403119999974e+03 1.007833759929999973e-19 4.385037231509999873e-19 2.298347098829419954e-01
2.659963445209999918e+03 1.023040361000000050e-19 4.333644517660000225e-19 2.360692846012210910e-01
2.667219221979999929e+03 1.073429031200000053e-19 4.284131168409999794e-19 2.505593290689064889e-01
2.674533818400000200e+03 1.190495027690000071e-19 4.238093794910000184e-19 2.809034167954938543e-01
2.681908353490000081e+03 1.327085968030000060e-19 4.193146193530000123e-19 3.164893153684185667e-01
2.689343981869999880e+03 1.419906407769999911e-19 4.146206170919999984e-19 3.424591902179667802e-01
2.696841895340000065e+03 1.491030548210000028e-19 4.098394194700000058e-19 3.638084765340983684e-01
2.704403324559999874e+03 1.566168164059999946e-19 4.050971284220000030e-19 3.866154692729598108e-01
2.712029540890000135e+03 1.655039417699999924e-19 4.004337320460000029e-19 4.133116881146957078e-01
2.719721858219999831e+03 1.757604545749999957e-19 3.958535777009999820e-19 4.440037035809162314e-01
2.727481635090000054e+03 1.870998519150000090e-19 3.913477352519999963e-19 4.780910557576654174e-01
2.735310276719999820e+03 1.965463822949999972e-19 3.867628036410000110e-19 5.081832597258700845e-01
2.743209237389999998e+03 2.020413693579999887e-19 3.819928247600000153e-19 5.289140430450214314e-01
2.751180022800000188e+03 2.042576702159999997e-19 3.770962770929999940e-19 5.416592064779937044e-01
2.759224192669999866e+03 2.060386501659999969e-19 3.722211600759999997e-19 5.535382516241985629e-01
2.767343363469999986e+03 2.099449419719999943e-19 3.674681393349999860e-19 5.713282853635509584e-01
2.775539211390000219e+03 2.160536129519999959e-19 3.628142225800000050e-19 5.954937803033906185e-01
2.783813475420000032e+03 2.213269496920000124e-19 3.581014944889999829e-19 6.180564814671518636e-01
2.792167960709999988e+03 2.240855233380000094e-19 3.532747310069999783e-19 6.343095151449138491e-01
2.800604542149999816e+03 2.282698072919999830e-19 3.485670677510000049e-19 6.548805908854971047e-01
2.809125168170000052e+03 2.401669482430000116e-19 3.443269982129999795e-19 6.974967094925075273e-01
2.817731864859999860e+03 2.584010724489999811e-19 3.404176311529999862e-19 7.590707672037767528e-01
2.826426740339999924e+03 2.777613165189999762e-19 3.370467345889999948e-19 8.241032711908822250e-01
2.835197841470000185e+03 2.936002625229999837e-19 3.337073047159999964e-19 8.798137121177705966e-01
2.844041011880000042e+03 3.045237203219999909e-19 3.293052793599999880e-19 9.247459406476489230e-01
2.852957591429999866e+03 3.162473429709999997e-19 3.237757439789999843e-19 9.767481006591763881e-01
2.861948961479999980e+03 3.370183044190000162e-19 3.187402936720000004e-19 1.057344525025157411e+00
2.871016546660000131e+03 3.669770618770000185e-19 3.141819400680000215e-19 1.168039963715206797e+00
2.880161816880000060e+03 3.992457726370000204e-19 3.097874896710000169e-19 1.288773065242261096e+00
2.889386289269999907e+03 4.271490966400000009e-19 3.052782376430000074e-19 1.399212403536995053e+00
2.898691530399999920e+03 4.508151082100000232e-19 3.006698588499999921e-19 1.499369141736636157e+00
2.908079158510000070e+03 4.700031140330000464e-19 2.959496295480000195e-19 1.588118609071515364e+00
2.917550845950000166e+03 4.821414970130000234e-19 2.910049421380000124e-19 1.656815494165592151e+00
2.927108321759999853e+03 4.898169334200000340e-19 2.859490742130000119e-19 1.712951632272609936e+00
2.936753374309999799e+03 4.971812317930000259e-19 2.809578044809999775e-19 1.769593952769595857e+00
2.946487854299999981e+03 5.008708212590000274e-19 2.758963416339999957e-19 1.815431180756459151e+00
2.956313677740000003e+03 4.937645636839999932e-19 2.704798823370000171e-19 1.825513082221775107e+00
2.966232829250000123e+03 4.750144692349999950e-19 2.646731070599999793e-19 1.794721324397029694e+00
2.976247365570000056e+03 4.522726625449999616e-19 2.587792233590000126e-19 1.747716283689319861e+00
2.986359419219999836e+03 4.349442340209999616e-19 2.531742369840000148e-19 1.717964036160943841e+00
2.996571202529999937e+03 4.294049731540000109e-19 2.481191808499999976e-19 1.730639975849331824e+00
3.006885011779999786e+03 4.400606119559999792e-19 2.437864227529999857e-19 1.805107138398193145e+00
3.017303231809999943e+03 4.619530464180000372e-19 2.399634681489999772e-19 1.925097390787670060e+00
3.027828340810000100e+03 4.834919311999999976e-19 2.361800283970000036e-19 2.047133004774172260e+00
3.038462915539999813e+03 4.985136892300000321e-19 2.321951263470000026e-19 2.146960175576660745e+00
3.049209636860000046e+03 5.092521957270000443e-19 2.281007965019999810e-19 2.232575262938790051e+00
3.060071295730000202e+03 5.187302242780000050e-19 2.240161174220000156e-19 2.315593316443475214e+00
3.071050799619999907e+03 5.318449713239999644e-19 2.219570255039999873e-19 2.396161915201081793e+00
3.082151179410000168e+03 5.562633568329999533e-19 2.204168947889999869e-19 2.523687475796708046e+00
3.093375596870000209e+03 5.847731673730000269e-19 2.190136376709999938e-19 2.670030841875884242e+00
3.104727352630000041e+03 6.054199361770000114e-19 2.173005659599999807e-19 2.786094612788279079e+00
3.116209894910000003e+03 6.141308714480000062e-19 2.151359330840000066e-19 2.854617834614415983e+00
3.127826828899999782e+03 6.196559978110000336e-19 2.128484301779999996e-19 2.911254723808847089e+00
3.139581926880000083e+03 6.222147453829999917e-19 2.104494043139999998e-19 2.956600173857596214e+00
3.151479139300000043e+03 6.137405913319999885e-19 2.076385787460000041e-19 2.955811945152910347e+00
3.163522606710000218e+03 5.979728791199999573e-19 2.045900268929999902e-19 2.922786062454246991e+00
3.175713269079999918e+03 5.769909314530000065e-19 2.017888978500000033e-19 2.859378972781281725e+00
3.188024490650000189e+03 5.406932384830000445e-19 1.984258519949999933e-19 2.724913276404249185e+00
3.200458944059999794e+03 4.876127163530000247e-19 1.944380436279999935e-19 2.507805094387308031e+00
3.213019400709999900e+03 4.481121659239999742e-19 1.909421589850000027e-19 2.346847696213609336e+00
3.225708736009999939e+03 4.314374230660000134e-19 1.883010111089999993e-19 2.291211398839796853e+00
3.238529934830000002e+03 4.234312021649999994e-19 1.859959520709999919e-19 2.276561384536821109e+00
3.251486097500000142e+03 4.169075554939999967e-19 1.837551074910000006e-19 2.268821591881027722e+00
3.264580446039999970e+03 4.135653965309999808e-19 1.816346639429999947e-19 2.276907874043160085e+00
3.277816331040000023e+03 4.164213931369999943e-19 1.797440514179999895e-19 2.316746450588231365e+00
3.291197238870000092e+03 4.260574464489999998e-19 1.781318284020000078e-19 2.391809763988344884e+00
3.304726799500000197e+03 4.450928697779999959e-19 1.768741018659999964e-19 2.516438896832973615e+00
3.318408794940000007e+03 4.749494108799999842e-19 1.760061214610000036e-19 2.698482342190812844e+00
3.332247168249999959e+03 5.070281585349999902e-19 1.751544693109999905e-19 2.894748621199800365e+00
3.346246033259999876e+03 5.367620418020000139e-19 1.741806698150000095e-19 3.081639554906427492e+00
3.360409685130000071e+03 5.667116130720000278e-19 1.731906580599999953e-19 3.272183496616018594e+00
3.374742611699999998e+03 5.880665973049999940e-19 1.718898338879999988e-19 3.421183114809294157e+00
3.389249505740000131e+03 6.053680788389999881e-19 1.704567804779999983e-19 3.551446162138042872e+00
3.403935278330000074e+03 6.283994639309999954e-19 1.692740454220000105e-19 3.712320234117409079e+00
3.418798099149999871e+03 6.533963121249999608e-19 1.683446692630000085e-19 3.881300875076821200e+00
3.433821189839999988e+03 6.760158263589999574e-19 1.673195459669999927e-19 4.040268113638850522e+00
3.449008373329999813e+03 7.025900882550000398e-19 1.664004042479999930e-19 4.222285945939609597e+00
3.464363624539999819e+03 7.389640731449999844e-19 1.657839114480000103e-19 4.457393161318819352e+00
3.479891078959999959e+03 7.827102478489999954e-19 1.653866549909999912e-19 4.732608249992077631e+00
3.495595041829999900e+03 8.308196023599999687e-19 1.650938676909999949e-19 5.032407405434427439e+00
3.511479998029999933e+03 8.742630519959999108e-19 1.642500927210000081e-19 5.322755302677658840e+00
3.527550622769999791e+03 9.069856264230000673e-19 1.628283758560000049e-19 5.570193902966322774e+00
3.543811792999999852e+03 9.263780804849999599e-19 1.610367180830000107e-19 5.752589170424691645e+00
3.560268599810000069e+03 9.341867070240000786e-19 1.588823974549999967e-19 5.879736975196313331e+00
3.576926361780000207e+03 9.345314492189999051e-19 1.565059648369999911e-19 5.971219372963251892e+00
3.593790639450000072e+03 9.278332648530000777e-19 1.539656008089999971e-19 6.026237419123323669e+00
3.610867250950000198e+03 9.165431398190000033e-19 1.513080755600000087e-19 6.057463466023346399e+00
3.628162288980000085e+03 9.090333618320000229e-19 1.487686501309999908e-19 6.110382537124185554e+00
3.645682139269999880e+03 8.766889359460000920e-19 1.455234935630000029e-19 6.024380768226018645e+00
3.663433500579999873e+03 7.921808479060000224e-19 1.407601223569999891e-19 5.627878369534572656e+00
3.681423406639999939e+03 6.751029506760000027e-19 1.349950545729999968e-19 5.000945796210119809e+00
3.699659249939999881e+03 5.660966107129999716e-19 1.295013120730000007e-19 4.371358109436688899e+00
3.718148807839999790e+03 4.949234694819999551e-19 1.254666211699999905e-19 3.944662451787932955e+00
3.736900271129999965e+03 4.703751450470000028e-19 1.228735635419999995e-19 3.828123247082508840e+00
3.755922275389999868e+03 4.694672188759999748e-19 1.209427727430000043e-19 3.881730245044114014e+00
3.775173929340000086e+03 4.891428799289999828e-19 1.201231241489999924e-19 4.072012640316198251e+00
3.794640443130000222e+03 5.287779323860000403e-19 1.200254244549999951e-19 4.405549364120347811e+00
3.814326854219999859e+03 6.072953958799999997e-19 1.210553739640000070e-19 5.016674402745641359e+00
3.834238395620000119e+03 7.402134992380000145e-19 1.235340657120000117e-19 5.991978770970671775e+00
3.854380506739999873e+03 9.108200834100000634e-19 1.268743606300000118e-19 7.178913681907710398e+00
3.874758844880000197e+03 1.064995177000000056e-18 1.294617094840000096e-19 8.226333340141946948e+00
3.895379297620000216e+03 1.158348877270000077e-18 1.302930452229999991e-19 8.890335437992529677e+00
3.916247996120000153e+03 1.188152370899999933e-18 1.295615949369999897e-19 9.170559929257935394e+00
3.937371329420000166e+03 1.156054325759999951e-18 1.273048669100000089e-19 9.080990804360126845e+00
3.958755959810000149e+03 1.080906186160000081e-18 1.240319143480000071e-19 8.714742426108731621e+00
3.980408839480000097e+03 1.001560532620000048e-18 1.206807813110000073e-19 8.299254626458969497e+00
4.002337228360000154e+03 9.875485535790000759e-19 1.190096109120000014e-19 8.298057156990699568e+00
4.024548713510000198e+03 1.048890477269999995e-18 1.191350387859999962e-19 8.804214846936021743e+00
4.047051230089999990e+03 1.130317864820000008e-18 1.196517977949999922e-19 9.446726966498063760e+00
4.069853084010000202e+03 1.177615256229999981e-18 1.192952138080000016e-19 9.871437576073386566e+00
4.092962976610000169e+03 1.155809398369999977e-18 1.173041262640000065e-19 9.853100953744638346e+00
4.116390031420000014e+03 1.089649196089999927e-18 1.143197398779999887e-19 9.531592682531069727e+00
4.140143823309999789e+03 1.021938748340000040e-18 1.113388913189999921e-19 9.178632338021190051e+00
4.164234410279999793e+03 9.643178953279999745e-19 1.085582661519999884e-19 8.882952256973148053e+00
4.188672368190000270e+03 8.974071700709999835e-19 1.054799007530000026e-19 8.507849966340401693e+00
4.213468828719999692e+03 8.133622089599999944e-19 1.020438692950000013e-19 7.970711171375128856e+00
4.238604207800000040e+03 7.299697460589999864e-19 9.872684615199999559e-20 7.393832321303341004e+00
4.264040550529999564e+03 6.476738761909999632e-19 9.538849248799999443e-20 6.789853359643756470e+00
4.289785142710000400e+03 5.878732137459999910e-19 9.259717031069999638e-20 6.348716831987993636e+00
4.315845560750000004e+03 5.911029355529999858e-19 9.152957102670000481e-20 6.458054254188189347e+00
4.342229688090000309e+03 6.411344370290000067e-19 9.173010584419999663e-20 6.989356778001998727e+00
4.368945732870000029e+03 6.878459551450000086e-19 9.175544422220000520e-20 7.496513814256891450e+00
4.396002246850000120e+03 7.040755950639999827e-19 9.121434156369999676e-20 7.718913308959263198e+00
4.423408145860000332e+03 7.000211255340000172e-19 9.038320073229999576e-20 7.745035801590454128e+00
4.451172731740000017e+03 7.353375001100000066e-19 9.052131017319999404e-20 8.123363423519096571e+00
4.479305716089999805e+03 7.999815688060000276e-19 9.133813447760000304e-20 8.758461877740556289e+00
4.507817245909999656e+03 8.321370958699999642e-19 9.134291861919999759e-20 9.110034017405343576e+00
4.536717931299999691e+03 8.196044348389999938e-19 9.028057070140000101e-20 9.078414419308607819e+00
4.566018875470000239e+03 7.928583511960000204e-19 8.904506464539999954e-20 8.904012303807771644e+00
4.595665488159999768e+03 7.677200017339999770e-19 8.792537428620000295e-20 8.731495406946416793e+00
4.625636104530000011e+03 7.149066895479999635e-19 8.589672825309999476e-20 8.322862862034551057e+00
4.655937181559999772e+03 6.435308293479999700e-19 8.331835431820000239e-20 7.723758283682609083e+00
4.686575383649999822e+03 6.004530742029999715e-19 8.141523798010000189e-20 7.375192766122802723e+00
4.717557592060000388e+03 5.715453544649999966e-19 7.987500773630000366e-20 7.155496702446708213e+00
4.748890914829999929e+03 5.384206300780000147e-19 7.822765932689999694e-20 6.882739873732286462e+00
4.780582697310000185e+03 5.126361452009999899e-19 7.676507758010000092e-20 6.677986414670046500e+00
4.812640533409999989e+03 4.684359260910000005e-19 7.484293480870000522e-20 6.258919793676334997e+00
4.845072277399999621e+03 4.144397101179999968e-19 7.265728218850000517e-20 5.704035406152260457e+00
4.877886056569999710e+03 4.021889275680000035e-19 7.150006723659999827e-20 5.625014676379555212e+00
4.911090284590000010e+03 4.214540452410000153e-19 7.121766482220000223e-20 5.917830166057679975e+00
4.944654454069999701e+03 4.223355257800000083e-19 7.062211445870000457e-20 5.980216381470465414e+00
4.978542045139999573e+03 4.234350595099999926e-19 7.006380793310000444e-20 6.043563317516432498e+00
5.012758005360000425e+03 4.442994232459999869e-19 6.995096612880000045e-20 6.351583799827953847e+00
5.047307399149999583e+03 4.856345902259999796e-19 7.020026162259999976e-20 6.917845874090826186e+00
5.082195411650000096e+03 5.350679432230000168e-19 7.051240717210000409e-20 7.588280767625148471e+00
5.117427352720000272e+03 5.589809441839999949e-19 7.022328497650000591e-20 7.960051204825595583e+00
5.153008661169999868e+03 5.551661397730000148e-19 6.926595180210000240e-20 8.014993302325033042e+00
5.188944909120000375e+03 5.433537910120000270e-19 6.814549772780000256e-20 7.973436384342945438e+00
5.225241806600000018e+03 4.856598167789999676e-19 6.596013421329999875e-20 7.362929481139124377e+00
5.261905206309999812e+03 4.093172476050000100e-19 6.327507152580000243e-20 6.468854759620517036e+00
5.298941108619999795e+03 3.866189326790000078e-19 6.202374432770000347e-20 6.233402011918437680e+00
5.336355666800000108e+03 3.995253614370000161e-19 6.167715704120000305e-20 6.477687698382713855e+00
5.374155192459999853e+03 4.043542785090000068e-19 6.115464141510000566e-20 6.611996557454408396e+00
5.412303894790000413e+03 3.739306770059999799e-19 5.980376033259999407e-20 6.252628178000445125e+00
5.450758817220000310e+03 3.454441428289999994e-19 5.851757750569999436e-20 5.903254330638541880e+00
5.489522989779999989e+03 3.725139377489999926e-19 5.865910991229999601e-20 6.350487389016604034e+00
5.528599482229999921e+03 4.281789568590000125e-19 5.949671794929999627e-20 7.196681961917156478e+00
5.567991404839999632e+03 4.514103169119999862e-19 5.952185775399999837e-20 7.583941999553336366e+00
5.607701909039999919e+03 4.508961452400000247e-19 5.898087424190000423e-20 7.644785721397182598e+00
5.647734188209999957e+03 4.427135262119999678e-19 5.826932454950000527e-20 7.597711654198311848e+00
5.688091478399999687e+03 4.210930443030000204e-19 5.725047074750000340e-20 7.355276538427209410e+00
5.728777059080000072e+03 3.904975182779999842e-19 5.598388755539999745e-20 6.975176882662448286e+00
5.769794253959999878e+03 3.755394807730000094e-19 5.507189007669999858e-20 6.819077395926974816e+00
5.811146431760000269e+03 3.880887557590000108e-19 5.482562561360000262e-20 7.078601500950880698e+00
5.852837007039999662e+03 4.012475270609999927e-19 5.466141707870000293e-20 7.340598698407230671e+00
5.894796799099999589e+03 4.059731427840000046e-19 5.432458040049999891e-20 7.473102227224261540e+00
5.936991604109999571e+03 4.097788925259999891e-19 5.402576703779999902e-20 7.584878753119628669e+00
5.979422001480000290e+03 3.908923705970000050e-19 5.331101156139999957e-20 7.332300760168408260e+00
6.022088564980000228e+03 3.249304790030000154e-19 5.146912610579999856e-20 6.313114357820502676e+00
6.064991862709999623e+03 2.324871200489999921e-19 4.887878017649999735e-20 4.756401841647747375e+00
6.108132457050000085e+03 1.752057694440000013e-19 4.708583597209999776e-20 3.720986700710072093e+00
6.151510904570000093e+03 1.800906957069999917e-19 4.694550414949999953e-20 3.836164910136939721e+00
6.195127756060000138e+03 2.375041164209999964e-19 4.810218723939999903e-20 4.937490996801551901e+00
6.238983556430000135e+03 3.004747682460000137e-19 4.932044734180000025e-20 6.092296084900715059e+00
6.283078844679999747e+03 3.354798929249999817e-19 4.981672996129999949e-20 6.734281699854982151e+00
6.327414153890000307e+03 3.434910747500000188e-19 4.974622002640000242e-20 6.904867838555603043e+00
6.371892496880000181e+03 3.346749185910000038e-19 4.927875959960000044e-20 6.791463935178201794e+00
6.416506728989999829e+03 3.139719076149999760e-19 4.856120853019999825e-20 6.465487929933668276e+00
6.461256192130000272e+03 2.910514967260000060e-19 4.782159036329999855e-20 6.086194426301709370e+00
6.506140229130000080e+03 2.732099357129999785e-19 4.740619505879999843e-20 5.763169462854499159e+00
6.551158183829999871e+03 2.611731230889999891e-19 4.729154399619999913e-20 5.522617809010125001e+00
6.596309401090000392e+03 2.475996013429999831e-19 4.661475973590000049e-20 5.311613805279640665e+00
6.641593226940000022e+03 2.337291038839999848e-19 4.567918538110000183e-20 5.116752891585202967e+00
6.687009008570000333e+03 2.167569273479999969e-19 4.483204604999999826e-20 4.834865825803638550e+00
6.732556094419999681e+03 2.021018286910000107e-19 4.415569450670000259e-20 4.577027514771257799e+00
6.778233834220000062e+03 1.915969136840000043e-19 4.358825921580000086e-20 4.395608292944843676e+00
6.824041579069999898e+03 1.819035484389999907e-19 4.307572451860000142e-20 4.222878441904197366e+00
6.869978681489999872e+03 1.721783406720000111e-19 4.261811871660000220e-20 4.040026773986519437e+00
6.916044495439999992e+03 1.661927187760000022e-19 4.226878986529999762e-20 3.931806879392913956e+00
6.962238376430000244e+03 1.621632300960000069e-19 4.197654706840000155e-20 3.863186503448176712e+00
7.008559681529999580e+03 1.577134234529999939e-19 4.174841649050000126e-20 3.777710311213557937e+00
7.054907884369999920e+03 1.538733988720000069e-19 4.157155853889999950e-20 3.701410394032139450e+00
7.101233989289999954e+03 1.502349930129999898e-19 4.139507957689999824e-20 3.629295910252017698e+00
7.147538315689999763e+03 1.439179095530000031e-19 4.114826436019999877e-20 3.497545079743443530e+00
7.193821175959999891e+03 1.381329915860000092e-19 4.092529812399999889e-20 3.375247045665235923e+00
7.240082875680000143e+03 1.332201373070000016e-19 4.073883980150000226e-20 3.270101405835687203e+00
7.286323713830000088e+03 1.274142718270000111e-19 4.049957291959999862e-20 3.146064579000465322e+00
7.332543982969999888e+03 1.199635771030000043e-19 4.021673525080000301e-20 2.982926792910512326e+00
7.378743969420000212e+03 1.114012920289999983e-19 3.990323637480000291e-20 2.791785883797460510e+00
7.424923953450000226e+03 1.023504411430000029e-19 3.957104511249999861e-20 2.586498305819796784e+00
7.471084209440000450e+03 9.809488314309999555e-20 3.936591086060000092e-20 2.491873831916838089e+00
7.517225006069999836e+03 9.827394511439999922e-20 3.926881702119999828e-20 2.502594999522012476e+00
7.563346606439999960e+03 1.007072257310000005e-19 3.922682381550000032e-20 2.567305122756504243e+00
7.609449268270000175e+03 1.032866072279999960e-19 3.917798207750000029e-20 2.636343215015091612e+00
7.655533244019999984e+03 1.059167649569999991e-19 3.913060988169999774e-20 2.706749659082965831e+00
7.701598781030000282e+03 1.094109071649999926e-19 3.911575831049999848e-20 2.797105613970173099e+00
7.747646121660000063e+03 1.131323757450000040e-19 3.911953633110000139e-20 2.891966172284609726e+00
7.793675503469999967e+03 1.148187919610000056e-19 3.907641277999999944e-20 2.938314543032115367e+00
7.839687159279999833e+03 1.133801589190000062e-19 3.895462445909999732e-20 2.910569938571538007e+00
7.885681317339999623e+03 1.085269003990000085e-19 3.873948310799999725e-20 2.801454528870272576e+00
7.931658201420000296e+03 1.032508687719999955e-19 3.854894345409999765e-20 2.678435762965597267e+00
7.977576617710000392e+03 9.921728669319999449e-20 3.843028133019999942e-20 2.581747602644564044e+00
8.023401646299999811e+03 9.660407089420000018e-20 3.835658421350000247e-20 2.518578566758798765e+00
8.069134914250000293e+03 9.234363018880000259e-20 3.823698381179999784e-20 2.415034372044340127e+00
8.114778003860000354e+03 8.676795676020000578e-20 3.807611289309999720e-20 2.278802907318928206e+00
8.160332454319999670e+03 7.943868445940000206e-20 3.776967931439999741e-20 2.103239580038302137e+00
8.205799763330000133e+03 7.371712819130000341e-20 3.748191526370000187e-20 1.966738563722558952e+00
8.251181388630000583e+03 7.228242089679999894e-20 3.731586721900000271e-20 1.937042504535340992e+00
8.296478749469999457e+03 7.719388866949999762e-20 3.732091763070000294e-20 2.068381314558050743e+00
8.341693227969999498e+03 8.547064915530000315e-20 3.741389195500000159e-20 2.284462927783637909e+00
8.386826170489999640e+03 9.580314598519999877e-20 3.765617861469999787e-20 2.544154757854290683e+00
8.431878888850000294e+03 1.065470474539999944e-19 3.791237431139999999e-20 2.810350166382536763e+00
8.476852661580000131e+03 1.150850446319999947e-19 3.810378083669999864e-20 3.020305127336728734e+00
8.521748735060000399e+03 1.194403609719999892e-19 3.818613359840000181e-20 3.127846412211906735e+00
8.566568324620000567e+03 1.203427613189999963e-19 3.818608245070000182e-20 3.151482257295392220e+00
8.611312615610000648e+03 1.191809415999999994e-19 3.811376063150000110e-20 3.126979327815270882e+00
8.655982764410000527e+03 1.167478140589999984e-19 3.800943609789999818e-20 3.071548174466346648e+00
8.700579899379999915e+03 1.137101102760000007e-19 3.789654015110000155e-20 3.000540677925169319e+00
8.745105121840000720e+03 1.093370033750000056e-19 3.778614636230000102e-20 2.893573806830106676e+00
8.789521084140000312e+03 1.029620132009999997e-19 3.763444177849999712e-20 2.735845367575524545e+00
8.833805852339999547e+03 9.606001396169999436e-20 3.739515371059999852e-20 2.568782433817644595e+00
8.877961885200000324e+03 9.067410064130000448e-20 3.718889628220000062e-20 2.438203595859337991e+00
8.921991567659999419e+03 8.781061811949999746e-20 3.704789544520000183e-20 2.370191803455786062e+00
8.965897213890000785e+03 8.642325526889999571e-20 3.694620164260000248e-20 2.339164824165620438e+00
9.009681070189999446e+03 8.394883137000000195e-20 3.682921951159999833e-20 2.279408374200242449e+00
9.053345317720000821e+03 8.147376179620000190e-20 3.680749790240000073e-20 2.213509921599087438e+00
9.096892075080000723e+03 8.003390970160000121e-20 3.680877296290000109e-20 2.174316155071703172e+00
9.140323400799999945e+03 7.937945334890000047e-20 3.682145498970000215e-20 2.155793500585587275e+00
9.183641295650000757e+03 7.919145577239999776e-20 3.684547716239999905e-20 2.149285661937719194e+00
9.226847704910000175e+03 7.890371045279999631e-20 3.687452907809999956e-20 2.139788966136556780e+00
9.269944520450000709e+03 7.678346521920000291e-20 3.686622777430000235e-20 2.082758932898659765e+00
9.312933582780000506e+03 7.255207654359999806e-20 3.680856105790000019e-20 1.971065275534007455e+00
9.355816682909999145e+03 6.990094298430000214e-20 3.678845674930000279e-20 1.900078153879886544e+00
9.398595564240000385e+03 6.818755103770000033e-20 3.678621254599999744e-20 1.853617057000190416e+00
9.441271924290000243e+03 6.648136111760000391e-20 3.678977577029999962e-20 1.807060785928184643e+00
9.483833327809999901e+03 6.480090253680000098e-20 3.682061404959999777e-20 1.759908252738766166e+00
9.526276999120000255e+03 6.327724935630000073e-20 3.686050923970000287e-20 1.716667801435262986e+00
9.568604949779999515e+03 6.204725404519999553e-20 3.691317650179999846e-20 1.680897173457136295e+00
9.610819136149999395e+03 6.118375369950000230e-20 3.698223542589999724e-20 1.654409285833781773e+00
9.652921461469999485e+03 6.065950515249999949e-20 3.705922441290000255e-20 1.636826083478016391e+00
9.694913777910000135e+03 5.960456039909999823e-20 3.701407158450000272e-20 1.610321638434934588e+00
9.736797888380000586e+03 5.854277161889999564e-20 3.691489188739999974e-20 1.585884953895317917e+00
9.778575548369999524e+03 5.748059590020000436e-20 3.681695829699999739e-20 1.561253252821914073e+00
9.820248467670000537e+03 5.642488642829999606e-20 3.672136555120000260e-20 1.536568305163589221e+00
9.861818311999999423e+03 5.538780193570000389e-20 3.662754075659999764e-20 1.512190029458080787e+00
9.903286704570000438e+03 5.437071600099999548e-20 3.656989414999999726e-20 1.486761645466780690e+00
9.944606346939999639e+03 5.335839909360000020e-20 3.651378847550000017e-20 1.461321909376847694e+00
9.985767297570000665e+03 5.231726257369999958e-20 3.645067652240000063e-20 1.435289206266158635e+00
1.002677266410000084e+04 5.120440449289999956e-20 3.638557568489999799e-20 1.407272072217062853e+00
1.006762545560000035e+04 4.998516512010000097e-20 3.632192472229999997e-20 1.376170605006826531e+00
1.010832858710000073e+04 4.865252334379999736e-20 3.626559001549999912e-20 1.341561610413777750e+00
1.014888488329999927e+04 4.723369160510000071e-20 3.636266605209999827e-20 1.298961180058253229e+00
1.018929708270000083e+04 4.577511084209999724e-20 3.645796276309999801e-20 1.255558659147847811e+00
1.022956784119999975e+04 4.431788966359999734e-20 3.655131982930000274e-20 1.212483977885641551e+00
1.026969973530000061e+04 4.288754893800000209e-20 3.664378059749999996e-20 1.170390943256711225e+00
1.030969526579999911e+04 4.150720439650000031e-20 3.673649212320000243e-20 1.129863032575371351e+00
1.034955686040000001e+04 4.021894560070000272e-20 3.685206149830000231e-20 1.091362164435639936e+00
1.038928687700000046e+04 3.909192989470000120e-20 3.698906523410000222e-20 1.056850981426299407e+00
1.042888760609999918e+04 3.820729664589999732e-20 3.713300068680000255e-20 1.028931030060328045e+00
1.046836127400000078e+04 3.762967698599999862e-20 3.728544125719999851e-20 1.009232443473725205e+00
1.050771004480000011e+04 3.738005837329999874e-20 3.744198165700000193e-20 9.983461536767131994e-01
1.054693602289999944e+04 3.742372375620000179e-20 3.760802945560000241e-20 9.950992992170039075e-01
1.058604125550000026e+04 3.768191522849999756e-20 3.766148575509999700e-20 1.000542450012005480e+00
1.062502773449999950e+04 3.806120015770000078e-20 3.771641760430000058e-20 1.009141444901190399e+00
1.066389739849999933e+04 3.848182963079999914e-20 3.777338802050000171e-20 1.018755045481107402e+00
1.070265213519999998e+04 3.889206215699999840e-20 3.783115476989999908e-20 1.028043219762990068e+00
1.074129378279999946e+04 3.927295545389999846e-20 3.788928007369999957e-20 1.036518914519055423e+00
1.077982413180000003e+04 3.964116995579999989e-20 3.797531302619999816e-20 1.043866838660439500e+00
1.081824492710000050e+04 4.004018909160000052e-20 3.813704731309999999e-20 1.049902703868903719e+00
1.085654390079999939e+04 4.050468680810000274e-20 3.830916755909999797e-20 1.057310544417676246e+00
1.089471610589999909e+04 4.101395923349999891e-20 3.848565665779999857e-20 1.065694671606638222e+00
1.093276367260000006e+04 4.148077414970000083e-20 3.866504677420000251e-20 1.072823586427906317e+00
1.097068867270000010e+04 4.179854966789999853e-20 3.885656531660000218e-20 1.075713957920082731e+00
1.100849312239999927e+04 4.190728312099999992e-20 3.897567330569999872e-20 1.075216399529684841e+00
1.104617898410000089e+04 4.181806564430000024e-20 3.904954090690000214e-20 1.070897753804598507e+00
1.108374816830000054e+04 4.158372979569999986e-20 3.912302753100000026e-20 1.062896519517826377e+00
1.112120253559999946e+04 4.125441757409999841e-20 3.919759749690000138e-20 1.052473115918970858e+00
1.115854389860000083e+04 4.085624428729999879e-20 3.927419383470000259e-20 1.040282187821821136e+00
1.119577402339999935e+04 4.039744139089999758e-20 3.935328432569999737e-20 1.026532907814205142e+00
1.123289463140000043e+04 3.988452031459999977e-20 3.954736208329999833e-20 1.008525429094103254e+00
1.126990740069999993e+04 3.933313488319999918e-20 3.980324313320000055e-20 9.881891973368400750e-01
1.130681396789999962e+04 3.876933687699999736e-20 4.006480631460000026e-20 9.676656508101495469e-01
1.134361592919999930e+04 3.822389590379999887e-20 4.033324425639999884e-20 9.477019914591846561e-01
1.138031484199999977e+04 3.772368770029999762e-20 4.060945485939999803e-20 9.289385398279479400e-01
1.141691222600000037e+04 3.728366121529999713e-20 4.089389938170000194e-20 9.117169499366551966e-01
1.145340956469999946e+04 3.690212014649999916e-20 4.111710976840000116e-20 8.974881832492181966e-01
1.148980830629999946e+04 3.656121121810000171e-20 4.131814851289999907e-20 8.848705117240471818e-01
1.152610678849999931e+04 3.623289310330000015e-20 4.154365253509999969e-20 8.721643594695249746e-01
1.156228923030000078e+04 3.588857606089999857e-20 4.177539110550000147e-20 8.590841428693418713e-01
1.159835745680000036e+04 3.550837015330000227e-20 4.201333449849999802e-20 8.451690535196095810e-01
1.163431324669999958e+04 3.508670635239999986e-20 4.225783907090000114e-20 8.303005341454325894e-01
1.167015833340000063e+04 3.463169374360000135e-20 4.250950949059999842e-20 8.146810950913937477e-01
1.170589440699999977e+04 3.415936588340000130e-20 4.276908870630000191e-20 7.986928624543789823e-01
1.174152311569999983e+04 3.368631125440000050e-20 4.303735201619999831e-20 7.827226740557805540e-01
1.177704606710000007e+04 3.322437750419999748e-20 4.331503104040000045e-20 7.670403715793615573e-01
1.181246482990000004e+04 3.277924054740000100e-20 4.360278370529999781e-20 7.517694459359856030e-01
1.184778093459999945e+04 3.235221861279999756e-20 4.390122108750000163e-20 7.369320900737234004e-01
1.188299587559999964e+04 3.194334465300000076e-20 4.421098197689999938e-20 7.225205870724660251e-01
1.191811111170000004e+04 3.155400389160000011e-20 4.453285380309999880e-20 7.085556212299934931e-01
1.195312806749999982e+04 3.118837225199999761e-20 4.486792045460000190e-20 6.951151721764824432e-01
1.198804813470000045e+04 3.085366639530000232e-20 4.521753905479999754e-20 6.823384695462496596e-01
