1.680000000000000000e+03 4.492697923389999838e-21 1.337587696600000021e-19 3.358806256075725499e-02
1.683740532540000004e+03 4.511251041709999834e-21 1.321106177290000089e-19 3.414752817948349395e-02
1.687504406159999917e+03 4.530265188050000365e-21 1.304689291920000064e-19 3.472294297275326652e-02
1.691291955969999890e+03 4.549749250050000336e-21 1.288312048820000051e-19 3.531558409484129857e-02
1.695103525080000054e+03 4.569712274660000146e-21 1.272033421469999883e-19 3.592446705825624864e-02
1.698939464889999954e+03 4.590163433479999691e-21 1.255885486180000014e-19 3.654921952670861507e-02
1.702800135360000013e+03 4.611112092620000022e-21 1.239876035890000059e-19 3.719010577787383587e-02
1.706685905289999937e+03 4.632567492660000170e-21 1.224005838959999927e-19 3.784759308498193003e-02
1.710597152649999998e+03 4.654538909100000207e-21 1.208275241309999993e-19 3.852217400443954526e-02
1.714534264879999910e+03 4.677035806799999993e-21 1.192691169509999983e-19 3.921413963953043064e-02
1.718497639270000036e+03 4.700067764600000174e-21 1.177268999269999994e-19 3.992348195284522311e-02
1.722487683229999902e+03 4.723644567939999940e-21 1.162146942459999888e-19 4.064584602306075406e-02
1.726504814749999923e+03 4.747775895679999832e-21 1.147372115059999993e-19 4.137956494987436729e-02
1.730549462720000065e+03 4.772471413239999835e-21 1.132748843480000113e-19 4.213177034529687337e-02
1.734622067340000058e+03 4.797740995749999938e-21 1.118217461630000115e-19 4.290525913230188587e-02
1.738723080600000003e+03 4.823594674080000080e-21 1.103742525080000059e-19 4.370217296584076594e-02
1.742852966630000083e+03 4.850042700770000334e-21 1.089366537669999911e-19 4.452167872847968833e-02
1.747012202240000079e+03 4.877095295189999733e-21 1.075149272050000023e-19 4.536202945932134301e-02
1.751201277379999965e+03 4.904762759130000010e-21 1.061065959560000033e-19 4.622486203556934459e-02
1.755420695640000076e+03 4.933055529130000315e-21 1.047008111550000024e-19 4.711573362910304041e-02
1.759670974820000083e+03 4.961984075680000208e-21 1.032928979509999959e-19 4.803799848885895868e-02
1.763952647450000086e+03 4.991559013040000034e-21 1.018935348740000041e-19 4.898798554012760709e-02
1.768266261429999986e+03 5.021790674100000271e-21 1.005143881769999986e-19 4.996091370776608448e-02
1.772612380620000067e+03 5.052689462780000236e-21 9.915468704819999842e-20 5.095764621115531773e-02
1.776991585519999944e+03 5.084265766679999918e-21 9.780812524569999746e-20 5.198203885319356565e-02
1.781404473970000026e+03 5.116530013010000123e-21 9.647262267650000492e-20 5.303608289127965947e-02
1.785851661839999906e+03 5.149492542059999697e-21 9.514970311790000460e-20 5.411990130625277118e-02
1.790333783860000040e+03 5.183163384050000232e-21 9.383931709620000180e-20 5.523445336602828687e-02
1.794851494389999971e+03 5.217552490830000336e-21 9.253715511059999765e-20 5.638332499625695743e-02
1.799405468290000044e+03 5.252669175269999929e-21 9.123776181380000543e-20 5.757121909664729420e-02
1.803996401849999984e+03 5.288522702810000316e-21 8.993781789449999897e-20 5.880199038199492717e-02
1.808625013730000092e+03 5.325122092540000366e-21 8.863844442849999862e-20 6.007689018996151264e-02
1.813292045969999890e+03 5.362476290069999799e-21 8.735967584769999956e-20 6.138388493357925524e-02
1.817997645509999984e+03 5.400588429849999825e-21 8.618317952649999552e-20 6.266406576690991548e-02
1.822737747919999947e+03 5.439426058659999970e-21 8.502147207790000317e-20 6.397708632563059439e-02
1.827512937389999934e+03 5.478993175549999825e-21 8.386558555940000248e-20 6.533064950305937646e-02
1.832323814650000031e+03 5.519293403250000013e-21 8.271198154559999679e-20 6.672906754394651585e-02
1.837170997519999901e+03 5.560329718569999683e-21 8.169876741729999800e-20 6.805891807607100663e-02
1.842055121699999972e+03 5.602104383259999988e-21 8.077103068519999983e-20 6.935784198537528478e-02
1.846976841449999938e+03 5.644619105879999817e-21 7.984548064730000429e-20 7.069428426154604483e-02
1.851936830370000052e+03 5.687874940430000255e-21 7.893238253990000268e-20 7.206009444292146848e-02
1.856935782190000054e+03 5.731872539390000030e-21 7.803134551509999932e-20 7.345602592846248169e-02
1.861974411650000093e+03 5.776612082710000014e-21 7.714013663900000114e-20 7.488464934594760147e-02
1.867053455389999954e+03 5.822092757380000096e-21 7.625634983489999442e-20 7.634895677520905921e-02
1.872173672879999913e+03 5.868312443959999816e-21 7.537449732920000427e-20 7.785541067464765708e-02
1.877335847439999952e+03 5.915267733979999769e-21 7.448404637659999459e-20 7.941657337024519980e-02
1.882540787310000042e+03 5.962953650350000363e-21 7.358125824980000549e-20 8.103902803763494977e-02
1.887789326739999979e+03 6.011362692620000081e-21 7.267713882590000080e-20 8.271325467311499424e-02
1.893082327189999887e+03 6.060484437740000027e-21 7.178533735600000305e-20 8.442510213032312916e-02
1.898420678619999990e+03 6.110303667590000362e-21 7.091027705169999974e-20 8.616950774476649089e-02
1.903805300759999909e+03 6.160800206909999761e-21 7.004207127320000395e-20 8.795856682878093469e-02
1.909237144559999933e+03 6.211945247020000187e-21 6.916953410789999405e-20 8.980753343415279200e-02
1.914717193700000053e+03 6.263701826049999807e-21 6.829396910360000327e-20 9.171676369472891999e-02
1.920246466170000076e+03 6.316017633289999663e-21 6.742139453829999514e-20 9.367972401849485042e-02
1.925826015959999950e+03 6.368826987739999868e-21 6.655732175500000186e-20 9.568935197218257638e-02
1.931456934869999941e+03 6.422041520439999967e-21 6.570494874429999859e-20 9.774060619744599776e-02
1.937140354429999888e+03 6.475550791629999786e-21 6.486054688009999611e-20 9.983805415024611662e-02
1.942877447970000048e+03 6.529212235600000043e-21 6.401392402320000110e-20 1.019967504762506888e-01
1.948669432789999973e+03 6.582846868790000171e-21 6.315863805560000599e-20 1.042271820838658464e-01
1.954517572499999915e+03 6.636234815420000206e-21 6.230647749619999903e-20 1.065095489602142370e-01
1.960423179509999954e+03 6.689102985719999744e-21 6.147316484819999684e-20 1.088133822658695349e-01
1.966387617719999980e+03 6.741127884350000259e-21 6.065959954019999818e-20 1.111304383056890555e-01
1.972412305399999923e+03 6.791916729080000118e-21 5.984271144410000326e-20 1.134961395494994280e-01
1.978498718240000017e+03 6.841011971080000551e-21 5.910124324619999601e-20 1.157507286704980431e-01
1.984638489030000073e+03 6.887809459749999492e-21 5.839001875329999761e-20 1.179621039145620220e-01
1.990828708320000032e+03 6.931688145350000659e-21 5.753648580069999731e-20 1.204746527162016689e-01
1.997070314000000053e+03 6.971998852700000074e-21 5.648715652159999401e-20 1.234262668193254475e-01
2.003364273030000049e+03 7.008032555080000410e-21 5.545949876550000221e-20 1.263630705483318462e-01
2.009711582659999976e+03 7.039038789629999272e-21 5.444578586449999532e-20 1.292852821915024819e-01
2.016113271810000015e+03 7.064236546590000615e-21 5.344782679119999754e-20 1.321706974950963287e-01
2.022570402490000106e+03 7.082845603879999578e-21 5.246920435040000242e-20 1.349905280929994400e-01
2.029084071279999989e+03 7.094111348410000497e-21 5.149939557690000275e-20 1.377513516215335132e-01
2.035655410950000032e+03 7.097335167500000609e-21 5.054124744880000262e-20 1.404265926496935379e-01
2.042285592169999973e+03 7.091932200590000248e-21 4.960164754059999731e-20 1.429777548172186108e-01
2.048975825229999828e+03 7.077457361439999898e-21 4.867151857510000195e-20 1.454127088827011915e-01
2.055727362019999873e+03 7.053657495419999990e-21 4.775492614560000180e-20 1.477053377470232687e-01
2.062541498009999941e+03 7.020534895610000092e-21 4.686350619399999782e-20 1.498081442422856679e-01
2.069419574410000223e+03 6.978365787230000318e-21 4.599097259860000135e-20 1.517333814210840848e-01
2.076362980469999911e+03 6.927746771450000642e-21 4.512302819549999843e-20 1.535301828909808597e-01
2.083373155899999801e+03 6.869636297129999455e-21 4.426213398120000058e-20 1.552034590118909485e-01
2.090451593459999913e+03 6.805342691250000720e-21 4.340753009199999931e-20 1.567779294704497450e-01
2.097599841769999784e+03 6.736526382849999720e-21 4.256305800620000045e-20 1.582716726290840092e-01
2.104819508239999777e+03 6.665186343629999640e-21 4.173826430799999953e-20 1.596900698707895139e-01
2.112112262269999974e+03 6.593595116360000027e-21 4.093094565049999798e-20 1.610907105020539520e-01
2.119479838570000084e+03 6.524233575860000231e-21 4.013517217609999727e-20 1.625565114616625839e-01
2.126924040880000121e+03 6.459707915960000318e-21 3.934108278120000299e-20 1.641975120991563952e-01
2.134446745799999917e+03 6.402630241229999745e-21 3.855081338920000000e-20 1.660828832997774118e-01
2.142049907009999970e+03 6.355502134060000365e-21 3.778448546260000009e-20 1.682040143262194254e-01
2.149735559730000205e+03 6.320598970129999814e-21 3.735659018860000116e-20 1.691963570074133394e-01
2.157505825589999858e+03 6.299845420070000356e-21 3.694017772610000149e-20 1.705418275673010187e-01
2.165362917809999999e+03 6.294694571299999829e-21 3.651418987569999892e-20 1.723903663953143262e-01
2.173309146839999812e+03 6.306051418460000270e-21 3.608850331569999842e-20 1.747385133513310873e-01
2.181346926440000061e+03 6.334216061150000284e-21 3.566788484620000125e-20 1.775887773683007542e-01
2.189478780230000211e+03 6.378852797519999711e-21 3.525611680200000174e-20 1.809289671163711866e-01
2.197707348819999879e+03 6.438991328490000318e-21 3.484037299179999758e-20 1.848140756129527107e-01
2.206035397510000166e+03 6.513072231099999684e-21 3.440954186720000011e-20 1.892809923548681716e-01
2.214465824700000212e+03 6.599024679659999775e-21 3.397739465430000037e-20 1.942180896093179954e-01
2.222999288359999809e+03 6.694332026270000079e-21 3.362991635659999837e-20 1.990588366407343712e-01
2.231617143460000079e+03 6.795933162459999339e-21 3.329668221240000111e-20 2.041024123397234269e-01
2.240321260839999923e+03 6.900824670000000399e-21 3.295967163619999936e-20 2.093717663867968315e-01
2.249113580499999898e+03 7.005989175760000368e-21 3.261121664820000004e-20 2.148337258109228320e-01
2.257996115200000077e+03 7.108513820309999316e-21 3.226694914420000268e-20 2.203032517435184190e-01
2.266970954379999966e+03 7.205701340919999689e-21 3.193477982689999876e-20 2.256380466681763841e-01
2.276040268249999826e+03 7.295170155999999947e-21 3.160758651589999926e-20 2.308044036304451874e-01
2.285206312230000094e+03 7.374953047040000306e-21 3.127155458910000194e-20 2.358358304838036601e-01
2.294471431729999949e+03 7.443593845959999540e-21 3.092490510559999988e-20 2.406990036199685989e-01
2.303838067210000190e+03 7.500245950050000191e-21 3.057919132450000148e-20 2.452728677635374332e-01
2.313308759649999956e+03 7.544761324019999353e-21 3.021787651739999734e-20 2.496787396584796426e-01
2.322886156460000166e+03 7.577769193060000726e-21 2.984790659270000128e-20 2.538794192994868193e-01
2.332573017770000206e+03 7.600739025609999504e-21 2.950526246380000081e-20 2.576062163465023813e-01
2.342372223280000071e+03 7.616002795449999921e-21 2.917939323270000124e-20 2.610062085497753537e-01
2.352286779590000151e+03 7.626744064219999764e-21 2.884644769660000226e-20 2.643911009229371611e-01
2.362319828189999953e+03 7.636937508019999631e-21 2.850345938270000272e-20 2.679301977168143667e-01
2.372474654019999889e+03 7.651235709239999602e-21 2.815356280090000187e-20 2.717679379817394825e-01
2.382754694830000062e+03 7.674811578099999745e-21 2.781550471610000122e-20 2.759184726803721177e-01
2.393158669399999781e+03 7.713122753349999615e-21 2.752234034559999935e-20 2.802495229873537275e-01
2.403674832889999834e+03 7.771558358039999366e-21 2.723333486279999933e-20 2.853693239257208414e-01
2.414305861329999971e+03 7.855199527489999341e-21 2.694931935029999987e-20 2.914804424328644727e-01
2.425054537179999897e+03 7.968435331540000123e-21 2.666762966599999888e-20 2.988055343253618323e-01
2.435923755270000129e+03 8.114569469820000008e-21 2.638334380449999977e-20 3.075641029411882998e-01
2.446916529279999850e+03 8.295435947560000534e-21 2.609664824380000104e-20 3.178736161848224051e-01
2.458035998620000100e+03 8.511051422219999695e-21 2.573843006080000121e-20 3.306748469939684854e-01
2.469285435939999843e+03 8.759388808950000099e-21 2.533382057400000074e-20 3.457586976809856050e-01
2.480668255099999897e+03 9.036344235269999694e-21 2.494201471130000143e-20 3.622940784801989555e-01
2.492188019870000062e+03 9.335941596829999997e-21 2.455615949669999888e-20 3.801873659472124745e-01
2.503848453250000148e+03 9.650830290900000280e-21 2.417433644820000018e-20 3.992180017672664061e-01
2.515653447619999952e+03 9.973002968010000173e-21 2.378549497869999905e-20 4.192892759617095066e-01
2.527607075670000086e+03 1.029464794849999937e-20 2.339598999869999886e-20 4.400176247755287484e-01
2.539713602289999926e+03 1.060897659919999945e-20 2.301809209339999956e-20 4.608973044400114238e-01
2.551977497490000133e+03 1.091085751839999935e-20 2.265350282240000073e-20 4.816410779356929406e-01
2.564403450410000005e+03 1.119714065329999958e-20 2.229280787989999958e-20 5.022759229623894317e-01
2.576996384649999982e+03 1.146660318680000051e-20 2.193103814469999938e-20 5.228481712148722593e-01
2.589761474960000214e+03 1.171957700069999954e-20 2.156018962640000141e-20 5.435748573542054096e-01
2.602704165489999923e+03 1.195741642850000014e-20 2.118162584939999978e-20 5.645183478131690080e-01
2.615830189790000077e+03 1.218178869759999953e-20 2.087136915609999853e-20 5.836602575753719879e-01
2.629145592769999894e+03 1.239486107279999982e-20 2.063578369689999933e-20 6.006489142770967682e-01
2.642621750539999994e+03 1.259918261680000020e-20 2.042642160560000051e-20 6.168081154922345766e-01
2.656248310190000211e+03 1.279981793090000014e-20 2.019933041030000044e-20 6.336753580887584114e-01
2.670028797949999898e+03 1.402860003049999948e-20 1.999236568550000095e-20 7.016978506287836481e-01
2.683966876930000126e+03 1.714878428559999973e-20 1.984869214580000061e-20 8.639755284445124195e-01
2.698066354720000163e+03 1.898827624430000105e-20 1.965914295660000047e-20 9.658750783906998594e-01
2.712331191409999974e+03 2.096509009220000066e-20 1.947311464249999882e-20 1.076617196431626455e+00
2.726765508330000102e+03 2.351839186840000080e-20 1.930844430770000114e-20 1.218036600650479029e+00
2.741373597280000013e+03 2.542255391820000142e-20 1.911718686120000097e-20 1.329827139462516516e+00
2.756159930589999931e+03 2.593774056999999892e-20 1.888821723830000020e-20 1.373223329801901427e+00
2.771129171869999936e+03 2.686981548570000087e-20 1.868809023419999918e-20 1.437804245857455143e+00
2.786286187640000207e+03 2.810130661520000140e-20 1.846431826339999972e-20 1.521924948125620958e+00
2.801636059850000038e+03 2.897672623069999939e-20 1.824231781800000021e-20 1.588434458811378569e+00
2.817184099460000198e+03 3.250059352029999960e-20 1.814876158089999975e-20 1.790788499558232161e+00
2.832935861060000207e+03 3.665494148909999944e-20 1.805283670830000080e-20 2.030425582492942471e+00
2.848897158809999837e+03 3.919361105360000228e-20 1.788821421559999925e-20 2.191029835690358585e+00
2.865074083630000132e+03 4.380763020309999994e-20 1.778978837580000016e-20 2.462515532938709839e+00
2.881473022000000128e+03 5.100338950929999785e-20 1.776086379080000049e-20 2.871672803195494783e+00
2.898100676319999820e+03 5.680271705650000078e-20 1.768914329620000115e-20 3.211162694843588739e+00
2.914964087199999994e+03 6.060291582819999922e-20 1.755805396920000074e-20 3.451573615988905441e+00
2.932070657730000221e+03 6.238657652249999883e-20 1.735659805640000133e-20 3.594401179296528692e+00
2.949428180110000085e+03 6.320954163869999702e-20 1.714305780299999912e-20 3.687180103169136025e+00
2.967022945459999846e+03 5.980860808510000286e-20 1.684952304209999874e-20 3.549572764502769040e+00
2.984828385369999978e+03 5.522152409949999978e-20 1.652649604259999876e-20 3.341393357500382688e+00
3.002849599900000158e+03 5.484795596429999713e-20 1.631411270579999933e-20 3.361994424912881030e+00
3.021091892519999874e+03 5.944022648409999426e-20 1.622996110180000077e-20 3.662376398271694811e+00
3.039560781659999975e+03 6.316094726359999809e-20 1.612098921469999861e-20 3.917932480595322176e+00
3.058262013009999919e+03 6.535755480490000500e-20 1.597252678449999858e-20 4.091873232500949698e+00
3.077201572800000122e+03 6.877592068839999430e-20 1.589172738099999988e-20 4.327781306557513474e+00
3.096385702099999889e+03 7.473936496850000071e-20 1.590400069530000037e-20 4.699406545586181316e+00
3.115820912210000188e+03 7.759821025049999573e-20 1.583617971190000040e-20 4.900058704953272226e+00
3.135514001259999986e+03 7.865585590889999439e-20 1.572539499559999852e-20 5.001836579043520636e+00
3.155472072139999909e+03 7.696861568120000349e-20 1.555035185949999947e-20 4.949638206043450062e+00
3.175702551909999784e+03 7.292700709169999882e-20 1.531734512439999933e-20 4.761073573744173615e+00
3.196213212829999975e+03 6.393939077200000537e-20 1.499095478589999877e-20 4.265198026755394167e+00
3.216965841709999950e+03 5.574909777779999905e-20 1.469529087210000037e-20 3.793670929211984344e+00
3.237945273169999837e+03 5.355623514260000290e-20 1.450905697140000041e-20 3.691227848106814591e+00
3.259156027089999952e+03 5.236195310889999715e-20 1.434087596860000140e-20 3.651238126844473797e+00
3.280602768560000186e+03 5.281099794390000148e-20 1.420947683989999931e-20 3.716603963603185345e+00
3.302290314440000202e+03 5.571232164279999717e-20 1.413616313400000064e-20 3.941120452182806044e+00
3.324223640379999779e+03 6.178182635980000093e-20 1.413753319440000042e-20 4.370057032599740765e+00
3.346407888119999825e+03 6.788393589540000412e-20 1.413056038170000088e-20 4.804051223850551722e+00
3.368848373389999779e+03 7.337829087769999816e-20 1.410470860019999980e-20 5.202396799368085745e+00
3.391550594180000189e+03 7.691615708159999701e-20 1.403720799979999867e-20 5.479448411870500912e+00
3.414520239599999968e+03 8.170198624039999861e-20 1.399645218269999987e-20 5.837335431430680899e+00
3.437763199210000039e+03 8.621288429050000160e-20 1.395169603010000127e-20 6.179383789934968618e+00
3.461258117849999962e+03 9.238378987859999813e-20 1.394757153129999923e-20 6.623646967594312152e+00
3.484979431600000225e+03 1.008841192359999952e-19 1.399449355740000035e-20 7.208843880074141452e+00
3.508930603750000046e+03 1.097007233909999984e-19 1.404872087489999937e-20 7.808591569855704684e+00
3.533115179410000110e+03 1.156777869050000056e-19 1.404094201089999895e-20 8.238605843909846627e+00
3.557536788150000120e+03 1.179753297090000058e-19 1.392314553620000011e-20 8.473324465528687455e+00
3.582199146899999960e+03 1.179532728120000060e-19 1.375381028010000045e-20 8.576043322530285451e+00
3.607106062819999806e+03 1.161059377099999993e-19 1.356109748709999997e-20 8.561691840977164958e+00
3.632261436379999850e+03 1.144097829580000031e-19 1.337378875289999962e-20 8.554777189313025332e+00
3.657669264619999922e+03 1.042723844780000005e-19 1.301988675129999969e-20 8.008701340477381692e+00
3.683333644410000034e+03 8.375810039959999602e-20 1.248658627749999971e-20 6.707846206975443870e+00
3.709258776029999808e+03 6.601112584229999424e-20 1.214811700399999937e-20 5.433856606794663868e+00
3.735448966760000076e+03 5.956112744989999827e-20 1.196414722830000051e-20 4.978301111926646705e+00
3.761908634729999903e+03 5.983725680389999561e-20 1.170958439599999949e-20 5.110109358308261740e+00
3.788612726349999775e+03 6.494073609710000235e-20 1.167153230350000041e-20 5.564028304803295022e+00
3.815531172059999790e+03 7.758148604820000361e-20 1.184006236080000039e-20 6.552455864173171385e+00
3.842666092840000147e+03 1.023239766470000044e-19 1.223732435010000062e-20 8.361629856298108621e+00
3.870019637559999865e+03 1.306779217739999954e-19 1.267273370019999930e-20 1.031173895589218148e+01
3.897593983379999827e+03 1.471799826690000096e-19 1.285610799719999936e-20 1.144825344505935405e+01
3.925391336329999831e+03 1.492657230139999908e-19 1.278529784650000001e-20 1.167479434629376023e+01
3.953413931749999847e+03 1.393236701460000049e-19 1.251495521169999960e-20 1.113257441111326429e+01
3.981664034880000145e+03 1.261909193460000039e-19 1.221498308340000008e-20 1.033083046324409437e+01
4.010143941360000099e+03 1.267548333009999894e-19 1.215903941609999943e-20 1.042474071867566110e+01
4.038855977770000209e+03 1.393029512950000052e-19 1.227169072730000030e-20 1.135156959139315269e+01
4.067802502229999845e+03 1.486284624269999976e-19 1.229760500879999945e-20 1.208596814750868020e+01
4.096985904930000288e+03 1.448438325219999905e-19 1.211930079409999971e-20 1.195150074932654860e+01
4.126357759370000167e+03 1.339605847090000017e-19 1.185391592560000005e-20 1.130095620297892722e+01
4.155894122880000396e+03 1.243383181900000116e-19 1.163027093000000029e-20 1.069092190013152255e+01
4.185595401030000176e+03 1.146295866219999993e-19 1.141375284409999973e-20 1.004311098967368565e+01
4.215461995480000041e+03 1.019336437680000029e-19 1.113813033329999998e-20 9.151773297466807122e+00
4.245494303899999977e+03 8.942233767170000341e-20 1.085714744020000018e-20 8.236264466723751454e+00
4.275692719929999839e+03 7.770714912810000004e-20 1.057953516600000056e-20 7.345043795291827493e+00
4.306057633200000055e+03 7.352552409169999845e-20 1.044073735039999931e-20 7.042177350518556089e+00
4.336589429239999845e+03 7.955401531360000481e-20 1.048702412580000040e-20 7.585947582392087440e+00
4.367288489499999741e+03 8.665583047400000568e-20 1.054197539810000028e-20 8.220075194789218997e+00
4.398155191279999599e+03 8.895576266180000362e-20 1.050667578989999936e-20 8.466594424405158748e+00
4.429189907719999610e+03 8.881288600369999584e-20 1.045594350379999932e-20 8.494009743972197768e+00
4.460324747810000190e+03 9.561730326860000036e-20 1.053236124780000024e-20 9.078429899902317857e+00
4.491554710290000003e+03 1.036452699709999942e-19 1.063062141879999940e-20 9.749690623701999570e+00
4.522879334489999565e+03 1.048544943610000051e-19 1.060577179320000056e-20 9.886550116817385714e+00
4.554298160389999794e+03 1.015034734450000028e-19 1.050488383699999934e-20 9.662503176616517919e+00
4.585810728679999556e+03 9.823913322740000295e-20 1.041449356020000068e-20 9.432924669791951544e+00
4.617416580770000110e+03 9.266237678810000510e-20 1.027851949600000028e-20 9.015148224815899169e+00
4.649115258859999813e+03 8.317861595510000077e-20 1.005357828689999929e-20 8.273533420780468717e+00
4.680906305999999859e+03 7.660262610289999412e-20 9.876002162340000326e-21 7.756440798991270924e+00
4.712789266089999728e+03 7.285561994529999609e-20 9.751623939520000542e-21 7.471126901237552964e+00
4.744763683950000086e+03 6.854448734399999744e-20 9.619208050460000217e-21 7.125793202978090157e+00
4.776829105349999736e+03 6.521409769370000335e-20 9.510694977460000419e-21 6.856922427672744291e+00
4.808985077039999851e+03 6.000461748350000354e-20 9.388453229819999418e-21 6.391320914600800762e+00
4.841231146809999700e+03 5.302586448190000188e-20 9.246712593439999368e-21 5.734563927024048269e+00
4.873566863500000181e+03 5.062945937749999743e-20 9.164586676490000084e-21 5.524467296204445432e+00
4.905991777070000353e+03 5.301845979369999753e-20 9.164894731190000743e-21 5.784950220242835783e+00
4.938435519059999933e+03 5.344918834299999804e-20 9.171341778119999844e-21 5.827848273031686510e+00
4.970863792500000272e+03 5.331992812420000082e-20 9.192448142309999679e-21 5.800405648065050102e+00
5.003276820979999684e+03 5.514590913590000081e-20 9.222244823439999587e-21 5.979662239689920611e+00
5.035674823170000309e+03 5.936638535609999533e-20 9.238025777079999683e-21 6.426306527893756559e+00
5.068058012980000058e+03 6.523456883220000453e-20 9.273307402919999308e-21 7.034660450451453606e+00
5.100426599680000436e+03 6.980613016039999700e-20 9.305424450759999713e-21 7.501659975832562388e+00
5.132780788080000093e+03 7.061131024580000196e-20 9.280496065600000645e-21 7.608570678407464705e+00
5.165120778600000449e+03 6.990017446499999990e-20 9.232006077220000088e-21 7.571504381640179915e+00
5.197446767409999666e+03 6.764892035459999519e-20 9.171720613149999830e-21 7.375815641135864631e+00
5.229758946609999839e+03 6.006533837849999427e-20 9.029577446409999314e-21 6.652065252774471027e+00
5.262057504250000420e+03 5.170438710990000016e-20 8.868901072200000402e-21 5.829852727974371263e+00
5.294342624509999951e+03 4.886166983310000161e-20 8.807485154969999787e-21 5.547743649108249464e+00
5.326614487789999657e+03 4.993832170780000058e-20 8.812469576140000535e-21 5.666779473827558533e+00
5.358873270809999667e+03 5.134605373039999764e-20 8.814450842149999725e-21 5.825213010987283724e+00
5.391119146719999662e+03 4.985610019420000223e-20 8.758780937619999355e-21 5.692127768610145466e+00
5.423352285160000065e+03 4.581429455490000043e-20 8.660951825339999281e-21 5.289752844584318048e+00
5.455572852430000239e+03 4.364760176729999774e-20 8.602793202839999667e-21 5.073654653571217032e+00
5.487781011500000204e+03 4.678350940649999843e-20 8.641917077009999412e-21 5.413556851981104145e+00
5.519976922140000170e+03 5.274143492450000240e-20 8.727802217580000265e-21 6.042922789687581897e+00
5.552160740989999795e+03 5.649631341299999843e-20 8.777937361589999941e-21 6.436171857435820876e+00
5.584303632400000424e+03 5.715696645020000033e-20 8.778193056889999472e-21 6.511245091076861335e+00
5.616381152410000141e+03 5.685979529119999624e-20 8.762900284480000343e-21 6.488695916339999314e+00
5.648394439980000243e+03 5.592420836129999893e-20 8.739491117720000097e-21 6.399023422303079300e+00
5.680344602699999996e+03 5.389494796079999795e-20 8.699739563029999475e-21 6.195007053984628698e+00
5.712232718019999993e+03 5.088155464680000222e-20 8.626845382909999669e-21 5.898048752281761509e+00
5.744059834329999831e+03 4.824006295800000276e-20 8.554834159869999486e-21 5.638924385500076575e+00
5.775826972040000328e+03 4.751507799600000230e-20 8.515750552580000560e-21 5.579670012950820102e+00
5.807535124629999700e+03 4.884733637680000136e-20 8.512150401359999973e-21 5.738542445043685269e+00
5.839185259580000093e+03 5.035021510650000187e-20 8.507806993050000611e-21 5.918119104915159134e+00
5.870778319340000053e+03 5.098148037989999964e-20 8.500851926680000739e-21 5.997220139771422431e+00
5.902315222189999986e+03 5.144972313889999861e-20 8.491187380530000232e-21 6.059190644746863086e+00
5.933796863100000337e+03 5.181361961719999700e-20 8.484544175929999580e-21 6.106824190295485622e+00
5.965224114540000301e+03 5.073511160019999849e-20 8.456181006729999923e-21 5.999766509234082612e+00
5.996597827229999893e+03 4.682423857839999819e-20 8.378764335780000539e-21 5.588442006710409693e+00
6.027918830919999891e+03 3.950915117870000031e-20 8.240067417079999350e-21 4.794760671108769579e+00
6.059187935079999988e+03 3.086344221059999742e-20 8.074897109829999545e-21 3.822146807669944746e+00
6.090405929569999898e+03 2.418945576039999986e-20 7.938394828449999576e-21 3.047146971539973048e+00
6.121573585279999861e+03 2.150646780820000112e-20 7.875268063670000490e-21 2.730887080201514383e+00
6.152664758900000379e+03 2.288144499959999911e-20 7.889586515969999799e-21 2.900208389030739742e+00
6.183664096640000025e+03 2.774391235750000196e-20 7.958747824279999839e-21 3.485964497186452515e+00
6.214573319639999681e+03 3.384707147969999860e-20 8.050529815679999549e-21 4.204328442306509039e+00
6.245394097360000160e+03 3.887714082180000059e-20 8.125707401620000700e-21 4.784462312050415278e+00
6.276128049719999581e+03 4.197528590800000102e-20 8.173851567369999728e-21 5.135312962565317996e+00
6.306776749139999993e+03 4.324310740970000004e-20 8.192829413619999893e-21 5.278165237739649740e+00
6.337341722410000330e+03 4.333860887320000057e-20 8.201119055650000418e-21 5.284475030678004615e+00
6.367824452560000282e+03 4.248006866629999906e-20 8.187280326619999992e-21 5.188544543684542099e+00
6.398226380559999598e+03 4.085050155199999750e-20 8.158101371349999848e-21 5.007354002177601515e+00
6.428548906949999946e+03 3.888801085049999945e-20 8.123943856109999787e-21 4.786838946609954348e+00
6.458793393439999818e+03 3.693537475790000201e-20 8.104229350700000676e-21 4.557543124653760991e+00
6.488961164319999625e+03 3.527242502889999824e-20 8.149181663770000542e-21 4.328339517293587235e+00
6.519053507939999690e+03 3.406062043040000100e-20 8.311063796919999496e-21 4.098226323689458717e+00
6.549071678029999930e+03 3.307997827890000163e-20 8.499273006210000647e-21 3.892095036214284320e+00
6.579016894970000067e+03 3.196517175820000188e-20 8.501478023199999603e-21 3.759954642118588541e+00
6.608890346999999565e+03 3.082632781810000172e-20 8.302722251650000432e-21 3.712797668496484071e+00
6.638683329460000095e+03 2.966707781999999760e-20 8.106571337720000008e-21 3.659633226436759035e+00
6.668393899390000115e+03 2.827769316070000300e-20 8.018222134360000576e-21 3.526678693462896419e+00
6.698023464849999982e+03 2.690096095400000114e-20 7.998544909569999796e-21 3.363231845058952452e+00
6.727573395299999902e+03 2.571818749359999931e-20 7.988142735349999886e-21 3.219545311801837784e+00
6.757045023030000266e+03 2.478136292219999993e-20 7.973658462900000016e-21 3.107903735468885209e+00
6.786439644539999790e+03 2.400388245429999964e-20 7.940848208800000632e-21 3.022836077851108971e+00
6.815758521869999640e+03 2.322177921589999983e-20 7.903765058679999701e-21 2.938065471771278414e+00
6.845002883860000111e+03 2.240021000560000063e-20 7.870533245359999755e-21 2.846085431226129003e+00
6.874173927369999546e+03 2.166857272709999861e-20 7.841476219499999959e-21 2.763328245925824156e+00
6.903272818399999778e+03 2.116675196249999866e-20 7.819382210750000632e-21 2.706959628268353679e+00
6.932300693199999841e+03 2.082068431459999938e-20 7.809049999860000468e-21 2.666224997275375319e+00
6.961224442859999726e+03 2.050672500539999990e-20 7.800125952049999767e-21 2.629024855683324002e+00
6.990037108300000000e+03 2.016097544299999968e-20 7.788468517719999897e-21 2.588567366887416288e+00
7.018740864860000329e+03 1.981528106710000143e-20 7.775688568359999535e-21 2.548363516991951627e+00
7.047337818920000245e+03 1.951929677860000092e-20 7.762590331320000249e-21 2.514533930747935742e+00
7.075830010949999632e+03 1.925582698009999989e-20 7.748300941430000203e-21 2.485167667809532688e+00
7.104219418280000355e+03 1.894918740859999870e-20 7.758719618239999390e-21 2.442308569064964185e+00
7.132507957879999594e+03 1.848291901899999893e-20 7.766698686949999816e-21 2.379765169731115737e+00
7.160697488810000323e+03 1.794542692319999893e-20 7.776119282070000750e-21 2.307761271689614535e+00
7.188789814720000322e+03 1.752373490560000004e-20 7.791677460019999568e-21 2.249032380449051516e+00
7.216786686059999738e+03 1.716086491439999858e-20 7.812840331779999571e-21 2.196495024299343068e+00
7.244689802290000443e+03 1.677036080800000124e-20 7.840526255639999886e-21 2.138933058981394186e+00
7.272500813869999547e+03 1.634146173299999997e-20 7.872575702919999342e-21 2.075745264277208069e+00
7.300221324279999862e+03 1.584204292899999977e-20 7.905713565429999792e-21 2.003872616669781337e+00
7.327852891810000074e+03 1.526495561470000039e-20 7.939746801870000269e-21 1.922599800173065754e+00
7.355397031360000256e+03 1.464515994290000001e-20 7.972901332079999708e-21 1.836867074219682650e+00
7.382855216050000308e+03 1.397460447709999903e-20 8.004889582010000554e-21 1.745758555933887513e+00
7.410228878859999895e+03 1.326646405890000066e-20 8.013359955369999994e-21 1.655543259355238828e+00
7.437519414129999859e+03 1.271583814279999934e-20 8.024426381319999480e-21 1.584641386006244712e+00
7.464728178970000045e+03 1.243464319330000056e-20 8.041605168599999626e-21 1.546288698909698667e+00
7.491856494650000059e+03 1.234743570879999990e-20 8.064302928800000655e-21 1.531122505914760623e+00
7.518905647939999653e+03 1.242914343719999971e-20 8.091102752979999507e-21 1.536149498610961839e+00
7.545876892270000099e+03 1.259966132170000063e-20 8.123541288470000587e-21 1.551006005174504265e+00
7.572771448999999848e+03 1.279840799939999941e-20 8.167808814740000427e-21 1.566932856741628077e+00
7.599580730560000120e+03 1.298806361669999939e-20 8.211626628250000044e-21 1.581667579967395376e+00
7.626301274149999699e+03 1.316767301460000054e-20 8.255467094459999572e-21 1.595024589636658829e+00
7.652934570790000180e+03 1.336538374280000035e-20 8.301733250669999468e-21 1.609950999295398200e+00
7.679482070869999916e+03 1.359941945449999931e-20 8.354769345610000432e-21 1.627743255610735851e+00
7.705945185689999562e+03 1.387595771570000114e-20 8.399325016840000028e-21 1.652032477357379792e+00
7.732325288869999895e+03 1.416035825430000069e-20 8.440322630149999809e-21 1.677703433245222531e+00
7.758623717800000122e+03 1.437751559969999864e-20 8.484269210899999459e-21 1.694608603558779736e+00
7.784841774929999701e+03 1.449552818920000089e-20 8.530895926169999434e-21 1.699180052675646868e+00
7.810980729029999566e+03 1.450050348890000067e-20 8.580101570529999322e-21 1.690015365168257899e+00
7.837041816390000349e+03 1.435394029279999962e-20 8.630342857199999691e-21 1.663194676075354206e+00
7.863026241970000228e+03 1.405252122129999906e-20 8.700262253730000668e-21 1.615183636019174473e+00
7.888935180499999660e+03 1.366690282600000088e-20 8.779740094859999273e-21 1.556640934507974361e+00
7.914769777540000177e+03 1.328756729600000000e-20 8.860392738720000476e-21 1.499658952806144141e+00
7.940531150460000390e+03 1.292722867009999968e-20 8.945562214800000677e-21 1.445099632610292950e+00
7.966220389410000280e+03 1.262827078370000010e-20 9.039365229549999622e-21 1.397030705476723478e+00
7.991838558209999974e+03 1.245346043419999985e-20 9.143658212070000476e-21 1.361977902647424576e+00
8.017386695279999913e+03 1.226795535270000021e-20 9.241256157920000290e-21 1.327520322243858519e+00
8.042865814439999667e+03 1.199056833559999960e-20 9.334782715389999649e-21 1.284504278372915920e+00
8.068274751969999670e+03 1.168172412970000027e-20 9.432006764180000721e-21 1.238519481778126652e+00
8.093602461210000001e+03 1.133509398839999966e-20 9.532110740039999668e-21 1.189148374114717299e+00
8.118850219779999861e+03 1.088744185199999950e-20 9.635202385870000209e-21 1.129965040274234944e+00
8.144019272679999631e+03 1.037172001650000031e-20 9.742457491550000400e-21 1.064589712143551248e+00
8.169110833349999666e+03 9.872098814179999980e-21 9.855686450779999759e-21 1.001665268419603683e+00
8.194126084879999325e+03 9.463178804300000278e-21 9.977263931570000654e-21 9.484743381756860492e-01
8.219066180969999550e+03 9.192163810840000190e-21 1.010859031359999983e-20 9.093418098538380567e-01
8.243932246980000855e+03 9.111645393739999361e-21 1.024937866519999979e-20 8.889949031424726478e-01
8.268725380899999436e+03 9.291405226850000670e-21 1.039875053529999994e-20 8.935116959781886914e-01
8.293446654229999695e+03 9.697022030789999640e-21 1.055556036210000010e-20 9.186648267018960867e-01
8.318097112920000654e+03 1.021843568490000065e-20 1.071952663189999952e-20 9.532543773426698230e-01
8.342677778170000238e+03 1.082856582099999993e-20 1.089193423010000022e-20 9.941820793477726959e-01
8.367189647249999325e+03 1.151882165779999995e-20 1.107322243670000040e-20 1.040241151448664914e+00
8.391633694280000782e+03 1.225524393479999984e-20 1.126263145149999929e-20 1.088133265087689594e+00
