1.866666666670000041e+03 1.014600480620000016e-20 2.116879355099999886e-19 4.792906493115055289e-02
1.870822813929999938e+03 1.021133687699999999e-20 2.090648196350000051e-19 4.884292295005762674e-02
1.875004895730000044e+03 1.027749159710000068e-20 2.064611022130000051e-19 4.977931187491679149e-02
1.879213284409999915e+03 1.034446327769999952e-20 2.038653626490000076e-19 5.074164214698068109e-02
1.883448361199999908e+03 1.041224533059999941e-20 2.012796380469999966e-19 5.173024669374990531e-02
1.887710516549999966e+03 1.048082830160000016e-20 1.987131033849999909e-19 5.274351878695058421e-02
1.892000150399999939e+03 1.055020101600000063e-20 1.961742677650000047e-19 5.377973949487727806e-02
1.896317672540000103e+03 1.062034856350000049e-20 1.936670141550000010e-19 5.483819022995873455e-02
1.900663502939999944e+03 1.069125181799999988e-20 1.911872606659999968e-19 5.592031488268135730e-02
1.905038072090000014e+03 1.076288772019999969e-20 1.887250689980000020e-19 5.702945441929634790e-02
1.909441821410000102e+03 1.083522484400000019e-20 1.862753249030000010e-19 5.816779463217833929e-02
1.913875203589999956e+03 1.090822712849999927e-20 1.838599460979999973e-19 5.932900210188116197e-02
1.918338683059999994e+03 1.098184482790000047e-20 1.814893970449999945e-19 6.050956698686409119e-02
1.922832736350000005e+03 1.105602050950000042e-20 1.791397885800000116e-19 6.171728010364720129e-02
1.927357852599999887e+03 1.113067996770000064e-20 1.768143033690000117e-19 6.295124181481512315e-02
1.931914534000000003e+03 1.120573506400000000e-20 1.745135908440000081e-19 6.421124572479260106e-02
1.936503296249999948e+03 1.128107797850000054e-20 1.722343203010000073e-19 6.549843236112855294e-02
1.941124669159999939e+03 1.135657659370000010e-20 1.699696951660000092e-19 6.681530247264760858e-02
1.945779197090000025e+03 1.143207692259999938e-20 1.677129877120000003e-19 6.816452964412859916e-02
1.950467439600000034e+03 1.150738841200000018e-20 1.654661854279999908e-19 6.954525713054078573e-02
1.955189972019999914e+03 1.158229605729999990e-20 1.632415413389999953e-19 7.095189105846108624e-02
1.959947386049999977e+03 1.165653762950000056e-20 1.610481840429999942e-19 7.237919321330375799e-02
1.964740290469999991e+03 1.172982155489999959e-20 1.588798443879999926e-19 7.382825430175168901e-02
1.969569311799999923e+03 1.180179870900000031e-20 1.567230510570000006e-19 7.530352829021749739e-02
1.974435095020000063e+03 1.187208419479999943e-20 1.545697271459999966e-19 7.680730511729591536e-02
1.979338304410000092e+03 1.194023094290000054e-20 1.524196085149999974e-19 7.833789273723880398e-02
1.984279624270000113e+03 1.200575038490000051e-20 1.502804859199999961e-19 7.988895105976112632e-02
1.989259759849999909e+03 1.206809252049999942e-20 1.481603263569999909e-19 8.145292884561623759e-02
1.994279438210000080e+03 1.212666331600000004e-20 1.460615174730000029e-19 8.302435525662436866e-02
1.999339409220000107e+03 1.218081579299999948e-20 1.439840349709999882e-19 8.459837783719113824e-02
2.004440446500000007e+03 1.222986242999999925e-20 1.419240831140000045e-19 8.617186147453499701e-02
2.009583348590000014e+03 1.227308088709999973e-20 1.398760374280000008e-19 8.774255485624164741e-02
2.014768939970000019e+03 1.230972055390000039e-20 1.378600815719999892e-19 8.929140628334113206e-02
2.019997383899999932e+03 1.233902681359999945e-20 1.359984825610000069e-19 9.072915065846798299e-02
2.025264164350000101e+03 1.236022987319999936e-20 1.341505517699999980e-19 9.213700361360802060e-02
2.030569930440000007e+03 1.237265005369999944e-20 1.323096492060000047e-19 9.351283241962463078e-02
2.035915349610000021e+03 1.237564534829999990e-20 1.304838061250000000e-19 9.484430072835599301e-02
2.041301108350000050e+03 1.236868137730000011e-20 1.288936260660000100e-19 9.596038031365967946e-02
2.046727912999999944e+03 1.235131370129999995e-20 1.274365813689999965e-19 9.692125737064506696e-02
2.052196490499999982e+03 1.232325949949999963e-20 1.259701778600000009e-19 9.782680082579348069e-02
2.057707589290000215e+03 1.228439480940000028e-20 1.245146911339999896e-19 9.865819605318543184e-02
2.063261980209999820e+03 1.223480054699999969e-20 1.230752671209999886e-19 9.940909195810641863e-02
2.068860457390000192e+03 1.217479366299999964e-20 1.216446038559999991e-19 1.000849464511572723e-01
2.074503839320000225e+03 1.210491925439999986e-20 1.202113083139999891e-19 1.006970094924941606e-01
2.080192969860000176e+03 1.202602255889999970e-20 1.187771345460000049e-19 1.012486334585093184e-01
2.085928719380000075e+03 1.193918614470000031e-20 1.173458798539999967e-19 1.017435478736412324e-01
2.091711985899999945e+03 1.184581147579999964e-20 1.159139182510000007e-19 1.021949016523544529e-01
2.097543696369999907e+03 1.174753791080000014e-20 1.144866347729999887e-19 1.026105617838501266e-01
2.103424807989999863e+03 1.164627871889999952e-20 1.130714222429999888e-19 1.029993121858073790e-01
2.109356309580000016e+03 1.154415578659999926e-20 1.116664928849999892e-19 1.033806604680311408e-01
2.115339223060000222e+03 1.144347594040000045e-20 1.102683889879999941e-19 1.037783905743407675e-01
2.121374605070000143e+03 1.134666703229999978e-20 1.088728114570000116e-19 1.042194729836790901e-01
2.127463548560000163e+03 1.125622409719999994e-20 1.074717971849999988e-19 1.047365391854733763e-01
2.133607184640000014e+03 1.117463428510000060e-20 1.060693564709999946e-19 1.053521455855651739e-01
2.139806684399999995e+03 1.110428625139999964e-20 1.046825367429999993e-19 1.060758231209230906e-01
2.146063260960000207e+03 1.104743429669999951e-20 1.033138537460000008e-19 1.069308122399579286e-01
2.152378171589999965e+03 1.100605107480000059e-20 1.019520217820000036e-19 1.079532399890392180e-01
2.158752719969999816e+03 1.098181950839999992e-20 1.005864950230000049e-19 1.091778722967621934e-01
2.165188258659999974e+03 1.097604107470000069e-20 9.921892293590000449e-20 1.106244731339306037e-01
2.171686191669999971e+03 1.098954962900000015e-20 9.785742539529999707e-20 1.123016427686213958e-01
2.178247977229999833e+03 1.102274194909999987e-20 9.650429211000000442e-20 1.142202249049790869e-01
2.184875130800000079e+03 1.107549592349999930e-20 9.517620272790000015e-20 1.163683316423520520e-01
2.191569228219999786e+03 1.114717910849999979e-20 9.386648726319999619e-20 1.187556862253032197e-01
2.198331909149999774e+03 1.123669552060000010e-20 9.269793741410000136e-20 1.212183985324663815e-01
2.205153876700000183e+03 1.134229445590000009e-20 9.157807905120000135e-20 1.238538149458090765e-01
2.212031898130000172e+03 1.146185424920000024e-20 9.022025965860000574e-20 1.270430199666071347e-01
2.218967015560000164e+03 1.159299725650000054e-20 8.854241860609999732e-20 1.309315629616347454e-01
2.225960303370000020e+03 1.173309584159999943e-20 8.690431149040000357e-20 1.350116655937848575e-01
2.233012869629999841e+03 1.187936866979999994e-20 8.530356190720000014e-20 1.392599371492051208e-01
2.240125857569999880e+03 1.202895696629999938e-20 8.371861195860000572e-20 1.436831868670790102e-01
2.247300447210000129e+03 1.217899281530000068e-20 8.214490507910000506e-20 1.482623031041602757e-01
2.254537856970000121e+03 1.232668844639999971e-20 8.059674478200000273e-20 1.529427581689747073e-01
2.261839345509999930e+03 1.246940117419999952e-20 7.908280176310000575e-20 1.576752580359161715e-01
2.269206213519999892e+03 1.260469058890000002e-20 7.760120803679999837e-20 1.624290511421241090e-01
2.276639805809999871e+03 1.273039028109999940e-20 7.614413557300000393e-20 1.671880596621294623e-01
2.284141513359999863e+03 1.284468106849999947e-20 7.469950709510000290e-20 1.719513497210553854e-01
2.291712775569999849e+03 1.294613930909999963e-20 7.326422245580000207e-20 1.767047936243416884e-01
2.299355082680000123e+03 1.303380036499999927e-20 7.184984251819999784e-20 1.814033254380266746e-01
2.307069978300000002e+03 1.310723097280000062e-20 7.045184140749999732e-20 1.860452574544724513e-01
2.314859062110000195e+03 1.316658558829999964e-20 6.905148343399999682e-20 1.906778092737824448e-01
2.322723992730000191e+03 1.321265055899999974e-20 6.766053241189999925e-20 1.952785484832540996e-01
2.330666490850000173e+03 1.324688056340000060e-20 6.633104134469999692e-20 1.997086174866521402e-01
2.338688342490000196e+03 1.327141815520000031e-20 6.504469765370000078e-20 2.040353577451838596e-01
2.346791402519999792e+03 1.328909986720000024e-20 6.376739001349999960e-20 2.083996203135584646e-01
2.354977598410000155e+03 1.330342603779999964e-20 6.250451583270000373e-20 2.128394382480785496e-01
2.363248934310000095e+03 1.331850101359999956e-20 6.124877040879999515e-20 2.174492797929939714e-01
2.371607495339999787e+03 1.333895561320000036e-20 6.000760293859999838e-20 2.222877595502101566e-01
2.380055452239999795e+03 1.336984266860000061e-20 5.878218212770000244e-20 2.274471988732060523e-01
2.388595066370000040e+03 1.341649874689999978e-20 5.808522200119999976e-20 2.309795552924429618e-01
2.397228695100000095e+03 1.348437526409999950e-20 5.742453915450000113e-20 2.348190418702439664e-01
2.405958797560000221e+03 1.357884231460000143e-20 5.676054914589999740e-20 2.392302843951756575e-01
2.414787940929999877e+03 1.370496523139999865e-20 5.610471625439999980e-20 2.442747445554577512e-01
2.423718807149999975e+03 1.386724348400000143e-20 5.545056359729999553e-20 2.500830033885395043e-01
2.432754200259999834e+03 1.406932468969999968e-20 5.478886792709999454e-20 2.567916663001709177e-01
2.441897054240000216e+03 1.431371490259999976e-20 5.413354689240000229e-20 2.644148725567722069e-01
2.451150441679999858e+03 1.460149563349999885e-20 5.347465977889999732e-20 2.730544840092923864e-01
2.460517582989999937e+03 1.493207655729999886e-20 5.281491318089999776e-20 2.827246256403965763e-01
2.469999209279999832e+03 1.530294331090000019e-20 5.227457916920000249e-20 2.927415878637324442e-01
2.479574603839999781e+03 1.570876094240000128e-20 5.174115303510000156e-20 3.036028387644075233e-01
2.489245845379999992e+03 1.614332263680000046e-20 5.121146760410000107e-20 3.152286663916571974e-01
2.499015089439999883e+03 1.659916458639999998e-20 5.068624234409999757e-20 3.274885613676229434e-01
2.508884572450000178e+03 1.706807124140000073e-20 5.015796960010000204e-20 3.402863269283127323e-01
2.518856615979999788e+03 1.754168280570000087e-20 4.961967384010000060e-20 3.535227349987887235e-01
2.528933631389999846e+03 1.801214344119999873e-20 4.908360512330000034e-20 3.669686323152662744e-01
2.539118124699999953e+03 1.847267501940000004e-20 4.855699485340000231e-20 3.804328310508393596e-01
2.549412701920000018e+03 1.891801066860000127e-20 4.804150202629999717e-20 3.937847459108057002e-01
2.559820074669999940e+03 1.934461819040000141e-20 4.753640067220000175e-20 4.069432669880920228e-01
2.570343066280000130e+03 1.975069776270000078e-20 4.703179661010000042e-20 4.199435102689351718e-01
2.580984618290000071e+03 2.013596248519999869e-20 4.652237633439999913e-20 4.328231718101399061e-01
2.591747797529999843e+03 2.050126228079999912e-20 4.598809567460000249e-20 4.457949819418852710e-01
2.602635803640000177e+03 2.084820715810000020e-20 4.544344481050000068e-20 4.587725962465523111e-01
2.613651977319999787e+03 2.117850099399999953e-20 4.490583302480000120e-20 4.716202677345683880e-01
2.624799809099999948e+03 2.149484935009999963e-20 4.438552938320000209e-20 4.842760613380412971e-01
2.636082948910000141e+03 2.179512957730000025e-20 4.387753797809999930e-20 4.967263566196058466e-01
2.647505216479999945e+03 2.209590743589999963e-20 4.338301036289999787e-20 5.093216734170166182e-01
2.659065188229999876e+03 2.247657646530000022e-20 4.292387423429999741e-20 5.236381120355444452e-01
2.670749814320000041e+03 2.471176762250000110e-20 4.253062322249999764e-20 5.810346933601180375e-01
2.682562068140000065e+03 2.946430580590000189e-20 4.223886277469999731e-20 6.975638989870809326e-01
2.694505041309999797e+03 3.238674696229999898e-20 4.187002047409999993e-20 7.735068336623772689e-01
2.706581950299999789e+03 3.504742535059999811e-20 4.148895895399999724e-20 8.447410162655102361e-01
2.718796143640000082e+03 3.844532785099999939e-20 4.113085825780000104e-20 9.347076496685862157e-01
2.731151109580000139e+03 4.230591838279999899e-20 4.068933112940000195e-20 1.039730003136668302e+00
2.743650484379999853e+03 4.456732665240000298e-20 4.011064129429999928e-20 1.111109800648670598e+00
2.756298061219999909e+03 4.523487581029999896e-20 3.949526766569999717e-20 1.145323945977067437e+00
2.769097799849999774e+03 4.652631756480000020e-20 3.892082023030000238e-20 1.195409482366948994e+00
2.782053836940000110e+03 4.858516074339999749e-20 3.834767351900000148e-20 1.266965014691899372e+00
2.795170497350000005e+03 4.958653152250000296e-20 3.772436830520000034e-20 1.314442991366535418e+00
2.808452306289999797e+03 5.266123024109999767e-20 3.723486065149999707e-20 1.414299108944793382e+00
2.821904002539999965e+03 5.904291206690000020e-20 3.688652182400000048e-20 1.600663579738333508e+00
2.835530552759999864e+03 6.481393700659999721e-20 3.647858914540000217e-20 1.776766550599260697e+00
2.849337167119999776e+03 6.847034675989999594e-20 3.598641942090000007e-20 1.902671837369131369e+00
2.863329316280000057e+03 7.517943624939999490e-20 3.560964392849999917e-20 2.111209996942163158e+00
2.877512749949999943e+03 8.598982565060000330e-20 3.536701259829999776e-20 2.431356773818473815e+00
2.891893517210000027e+03 9.562990306529999555e-20 3.507796988209999944e-20 2.726209737528144661e+00
2.906477988659999937e+03 1.029575838509999951e-19 3.480862310540000266e-20 2.957818341140525220e+00
2.921272880859999987e+03 1.069702781880000012e-19 3.451429472469999718e-20 3.099303608584161651e+00
2.936246389479999834e+03 1.094907868819999924e-19 3.419736381320000286e-20 3.201731790791930266e+00
2.951387011329999950e+03 1.099655166750000089e-19 3.382100275550000141e-20 3.251397289133224344e+00
2.966698664389999976e+03 1.044521500689999968e-19 3.326577730269999871e-20 3.139928134507237178e+00
2.982185418810000101e+03 9.717418500030000328e-20 3.265699343810000292e-20 2.975601081725104180e+00
2.997851505239999824e+03 9.471936331619999943e-20 3.219866643439999744e-20 2.941716965489133973e+00
3.013701323790000060e+03 1.000239189290000038e-19 3.198093684040000003e-20 3.127610658442141922e+00
3.029739453700000013e+03 1.072653328779999955e-19 3.181886253979999702e-20 3.371124053973622470e+00
3.045970663650000006e+03 1.115735158060000026e-19 3.156506357799999884e-20 3.534715383363388863e+00
3.062399922879999849e+03 1.147950723579999995e-19 3.127798896570000242e-20 3.670155152362458928e+00
3.079032413190000170e+03 1.208720222679999989e-19 3.108274782599999773e-20 3.888717398623726229e+00
3.095873541819999900e+03 1.300881844000000009e-19 3.096845165819999957e-20 4.200668016463604104e+00
3.112928955389999828e+03 1.350177421570000074e-19 3.072685644780000187e-20 4.394128061436205712e+00
3.130204554949999874e+03 1.368069611900000080e-19 3.039590091220000140e-20 4.500835872085956701e+00
3.147706512289999864e+03 1.360909960739999980e-19 2.999709845790000028e-20 4.536805326855178677e+00
3.165441287560000092e+03 1.311532127460000070e-19 2.948014336909999818e-20 4.448866177613979289e+00
3.183415648480000073e+03 1.227062447620000004e-19 2.886176378690000092e-20 4.251515800212281704e+00
3.201636691109999902e+03 1.064155875380000044e-19 2.802327325489999781e-20 3.797400345421559464e+00
3.220111862579999979e+03 9.628094752390000034e-20 2.735875829260000227e-20 3.519200195205572257e+00
3.238848985780000021e+03 9.327893639500000014e-20 2.690305624319999981e-20 3.467224524670022401e+00
3.257856286369999907e+03 9.137658569299999996e-20 2.647307385449999955e-20 3.451680231590009917e+00
3.277142422339999939e+03 9.170494983390000092e-20 2.612437777679999977e-20 3.510320920077164342e+00
3.296692161620000206e+03 9.529943731519999996e-20 2.590441799530000054e-20 3.678887413432363918e+00
3.316475983750000069e+03 1.036542218749999980e-19 2.581964117389999886e-20 4.014549279630568179e+00
3.336499555440000222e+03 1.137308619220000052e-19 2.577355890420000108e-20 4.412695287629318841e+00
3.356768769469999825e+03 1.233003806549999890e-19 2.569811199189999906e-20 4.798032660682000738e+00
3.377289757399999871e+03 1.302413959980000007e-19 2.555350807290000080e-20 5.096810802901992510e+00
3.398068903339999906e+03 1.363247632820000014e-19 2.539792616740000019e-20 5.367554909147751019e+00
3.419112858659999802e+03 1.441072869550000104e-19 2.533931178429999887e-20 5.687103429710649749e+00
3.440428557889999865e+03 1.512980783759999884e-19 2.530669394610000087e-20 5.978579371064644654e+00
3.462023235789999944e+03 1.615198363020000077e-19 2.533579817679999875e-20 6.375162731202357769e+00
3.483904445849999775e+03 1.751843486690000026e-19 2.544805523130000096e-20 6.883997503020618858e+00
3.506080080159999852e+03 1.896631608299999960e-19 2.557581010659999881e-20 7.415724469312361400e+00
3.528558391009999923e+03 2.002424143279999986e-19 2.560923742650000014e-20 7.819147872040601577e+00
3.551348014249999778e+03 2.051733356010000077e-19 2.554743691310000077e-20 8.031073187455174178e+00
3.574406490790000134e+03 2.060379653739999920e-19 2.539843912460000061e-20 8.112229431234581511e+00
3.597716970190000211e+03 2.038937144459999995e-19 2.512556492430000113e-20 8.114990252370633428e+00
3.621284474539999792e+03 2.011081618609999886e-19 2.482742665059999939e-20 8.100241909531121109e+00
3.645114187289999791e+03 1.936070247410000097e-19 2.441856442529999918e-20 7.928681693523488505e+00
3.669211460489999808e+03 1.665616866230000101e-19 2.356514490870000049e-20 7.068137593395710461e+00
3.693581822640000155e+03 1.321467255199999979e-19 2.259857218050000067e-20 5.847569681151254528e+00
3.718230986800000210e+03 1.090297753650000117e-19 2.202962577669999875e-20 4.949234111834853067e+00
3.743164859319999778e+03 1.031146086500000047e-19 2.163354533239999875e-20 4.766422103526782195e+00
3.768389549089999946e+03 1.057873526239999992e-19 2.130028053699999879e-20 4.966476964481306489e+00
3.793911377330000050e+03 1.160967081790000089e-19 2.131173863999999945e-20 5.447547482639361505e+00
3.819736888009999802e+03 1.406668194419999924e-19 2.170222179650000046e-20 6.481678270594666280e+00
3.845842353170000024e+03 1.844415411140000093e-19 2.251970571850000009e-20 8.190228745417432066e+00
3.872199368439999944e+03 2.311074981380000143e-19 2.332651658349999984e-20 9.907501504166884132e+00
3.898811781949999840e+03 2.573211731940000005e-19 2.363921180839999945e-20 1.088535333917364589e+01
3.925683532670000204e+03 2.601851248070000193e-19 2.348143972650000141e-20 1.108045877243923272e+01
3.952818653509999876e+03 2.434513141650000226e-19 2.289390920970000129e-20 1.063389008557137494e+01
3.980221274340000036e+03 2.208337778999999819e-19 2.222339147070000078e-20 9.936997158653934292e+00
4.007895625350000046e+03 2.198509815759999870e-19 2.201215043890000054e-20 9.987710296013517564e+00
4.035846040420000008e+03 2.404672291459999824e-19 2.218134078830000081e-20 1.084096905777847830e+01
4.064076960689999851e+03 2.581765750309999965e-19 2.224772487189999908e-20 1.160462818187265732e+01
4.092592938239999967e+03 2.549048847619999802e-19 2.190446068170000070e-20 1.163712215818028817e+01
4.121398640039999918e+03 2.368140952749999775e-19 2.134173750150000074e-20 1.109628938404642717e+01
4.150498851950000244e+03 2.195893103530000094e-19 2.081805851819999881e-20 1.054802061205784547e+01
4.179898483029999625e+03 2.035914160740000078e-19 2.031671212850000061e-20 1.002088402819887492e+01
4.209569695940000202e+03 1.822192444789999888e-19 1.971658514730000052e-20 9.241927195691552299e+00
4.239479080060000342e+03 1.602464384760000085e-19 1.909227716069999910e-20 8.393259595343351975e+00
4.269628992050000306e+03 1.390776683580000002e-19 1.846628019100000039e-20 7.531439300145730265e+00
4.300021819509999659e+03 1.279657702099999991e-19 1.805851649890000079e-20 7.086172898964030686e+00
4.330659981540000445e+03 1.360276844900000103e-19 1.808555104050000084e-20 7.521345862527798687e+00
4.361545929249999972e+03 1.492243857350000058e-19 1.821088451290000079e-20 8.194241505913360868e+00
4.392682146389999616e+03 1.551711647979999893e-19 1.817373739949999853e-20 8.538208811263505282e+00
4.424071149870000227e+03 1.543150137680000099e-19 1.801093360119999905e-20 8.567852016161927153e+00
4.455715490399999908e+03 1.643150007249999905e-19 1.806112730039999985e-20 9.097715662596591812e+00
4.487617753079999602e+03 1.795193919499999906e-19 1.819782492490000135e-20 9.864881802679859035e+00
4.519780558030000066e+03 1.831443919780000027e-19 1.810013870599999952e-20 1.011839715445327670e+01
4.552206561029999648e+03 1.774239526630000020e-19 1.784585615619999956e-20 9.942025258416052225e+00
4.584841954860000442e+03 1.714804847860000042e-19 1.760559084239999948e-20 9.740115303203520369e+00
4.617660136530000273e+03 1.614652733649999901e-19 1.730289741770000050e-20 9.331689916847629718e+00
4.650661556699999892e+03 1.442786243920000087e-19 1.687993395760000067e-20 8.547345312748701573e+00
4.683846661649999987e+03 1.329104950950000017e-19 1.656596543709999937e-20 8.023105903465353350e+00
4.717215893219999998e+03 1.260377707490000022e-19 1.634685101970000050e-20 7.710217129715608131e+00
4.750769688809999934e+03 1.182845051490000061e-19 1.611098683519999946e-20 7.341853504005525721e+00
4.784508481329999995e+03 1.121252800499999941e-19 1.590306248690000080e-20 7.050546405282765328e+00
4.818432699160000084e+03 1.009534932409999992e-19 1.558087382439999905e-20 6.479321659283612256e+00
4.852542766110000230e+03 8.958036828150000184e-20 1.526259123539999914e-20 5.869276514051402494e+00
4.886839101419999679e+03 8.978553827019999970e-20 1.514102542470000025e-20 5.929950961163449996e+00
4.921322119690000363e+03 9.329605020429999694e-20 1.512076541620000052e-20 6.170061345197843217e+00
4.955916386459999558e+03 9.287776895280000246e-20 1.507878423919999887e-20 6.159499829657859138e+00
4.990616344770000069e+03 9.437067116449999405e-20 1.508416022780000146e-20 6.256276102833719932e+00
5.025421482769999784e+03 1.007790774560000013e-19 1.511785299690000075e-20 6.666229488847742246e+00
5.060331289329999890e+03 1.112496180610000054e-19 1.519454022730000070e-20 7.321683736182950319e+00
5.095345254089999798e+03 1.208866008230000032e-19 1.529196703450000114e-20 7.905235510269500665e+00
5.130462867520000145e+03 1.231894732160000069e-19 1.525074210609999863e-20 8.077605165634963669e+00
5.165683620959999644e+03 1.218618033400000067e-19 1.511914809030000055e-20 8.060097209986516020e+00
5.201007006670000010e+03 1.169883772419999909e-19 1.493635449069999935e-20 7.832458536977135566e+00
5.236432517879999978e+03 1.013021299500000000e-19 1.455127427290000001e-20 6.961735999895421578e+00
5.271959648840000227e+03 8.753214696409999434e-20 1.420080344679999910e-20 6.163886944285848379e+00
5.307587894829999641e+03 8.551392078090000070e-20 1.409916722689999908e-20 6.065175297569830093e+00
5.343316752269999597e+03 8.868216511129999858e-20 1.410882648020000071e-20 6.285580536110106920e+00
5.379145718679999845e+03 8.865356004139999890e-20 1.404016628509999944e-20 6.314281344052369960e+00
5.415074292780000178e+03 8.176093412759999613e-20 1.383008606310000108e-20 5.911816727283138562e+00
5.451101974520000113e+03 7.612094477530000426e-20 1.367591262150000016e-20 5.566059602898436154e+00
5.487150576729999557e+03 8.139316206100000411e-20 1.376315732839999909e-20 5.913843758295696418e+00
5.523181991669999661e+03 9.290254830559999694e-20 1.397174118189999946e-20 6.649317869268338121e+00
5.559196467759999905e+03 9.908302817600000250e-20 1.406528886259999927e-20 7.044507165399537030e+00
5.595194247970000106e+03 9.958205646899999817e-20 1.404407232309999965e-20 7.090682401656764000e+00
5.631175569969999742e+03 9.858101364750000591e-20 1.399665932830000013e-20 7.043181614642714194e+00
5.667140666319999582e+03 9.570633424140000235e-20 1.390558220490000123e-20 6.882583758893269454e+00
5.703089764540000033e+03 9.029743981509999585e-20 1.376657018869999991e-20 6.559182031354385600e+00
5.739023087329999726e+03 8.468164076169999416e-20 1.362385117390000123e-20 6.215690385984948385e+00
5.774940852679999807e+03 8.283007357499999727e-20 1.355538583050000124e-20 6.110491771368837810e+00
5.810843274009999732e+03 8.549860280589999878e-20 1.357587276360000075e-20 6.297834717127076765e+00
5.846730560269999842e+03 8.818347791440000514e-20 1.358635164069999966e-20 6.490592930793346760e+00
5.882602916120000373e+03 8.914365952890000535e-20 1.355565870809999929e-20 6.576121562844705615e+00
5.918460541989999911e+03 9.020937845029999911e-20 1.352979661080000040e-20 6.667460054668628899e+00
5.954303634240000065e+03 8.954461515690000362e-20 1.347575555740000011e-20 6.644867872193479741e+00
5.990132385240000076e+03 8.357091827649999783e-20 1.332098366819999941e-20 6.273629662650320959e+00
6.025946983519999776e+03 6.982300457969999903e-20 1.301252476020000073e-20 5.365830679781686818e+00
6.061747613810000075e+03 5.266124582040000163e-20 1.262520101870000061e-20 4.171121374020106742e+00
6.097534457220000149e+03 4.045457806290000050e-20 1.232695115420000041e-20 3.281799169709246566e+00
6.133307691259999956e+03 3.760552386859999846e-20 1.222475633659999969e-20 3.076177784911089841e+00
6.169067489989999558e+03 4.379434918290000068e-20 1.233315586979999936e-20 3.550944271298680288e+00
6.204781813780000448e+03 5.571247180329999938e-20 1.257277623799999966e-20 4.431198865602526737e+00
6.240423502679999729e+03 6.658507964840000386e-20 1.278818301030000062e-20 5.206766246211077309e+00
6.275993822200000068e+03 7.317697167260000223e-20 1.292294357189999934e-20 5.662562191459072913e+00
6.311494002999999793e+03 7.554059954350000307e-20 1.297447080570000026e-20 5.822248989940551844e+00
6.346925242250000338e+03 7.527656374369999502e-20 1.293650274530000074e-20 5.818926894368646074e+00
6.382288704810000127e+03 7.284609347199999723e-20 1.284093761250000023e-20 5.672957510601720266e+00
6.417585524490000353e+03 6.907061614369999560e-20 1.271817887240000052e-20 5.430857423588502542e+00
6.452816805139999815e+03 6.505408111350000504e-20 1.260532936749999980e-20 5.160839452654627735e+00
6.487983621759999551e+03 6.158679312970000193e-20 1.257923307179999944e-20 4.895910011220371061e+00
6.523087021489999643e+03 5.915550529070000284e-20 1.274140088289999956e-20 4.642778752067327375e+00
6.558128024659999937e+03 5.713023337739999751e-20 1.289083329810000001e-20 4.431849520994155966e+00
6.593107625669999834e+03 5.477913502850000042e-20 1.274878449110000026e-20 4.296812379779549218e+00
6.628026793930000167e+03 5.249773489770000111e-20 1.244647520420000035e-20 4.217879683718400052e+00
6.662886474699999781e+03 4.977344713709999712e-20 1.224104037580000044e-20 4.066112487914010920e+00
6.697687589920000391e+03 4.693322563339999940e-20 1.214453508880000051e-20 3.864555150956994201e+00
6.732431038980000267e+03 4.454726073569999702e-20 1.207044976310000030e-20 3.690604874715051498e+00
6.767117699520000315e+03 4.273123344930000259e-20 1.200243491130000036e-20 3.560213720390150716e+00
6.801748428089999834e+03 4.115709637760000215e-20 1.194826413759999978e-20 3.444608848919125332e+00
6.836294176549999975e+03 3.948476971849999707e-20 1.190213766790000027e-20 3.317451941846564445e+00
6.870737885159999678e+03 3.791526647670000173e-20 1.184435635550000035e-20 3.201125104539244148e+00
6.905081466270000419e+03 3.686615819960000109e-20 1.180127405430000041e-20 3.123913403753823648e+00
6.939326774850000220e+03 3.617284645870000251e-20 1.176850222869999951e-20 3.073700098427547545e+00
6.973475610800000140e+03 3.551053564880000057e-20 1.173585182550000056e-20 3.025816632384679128e+00
7.007529721259999860e+03 3.477873145130000188e-20 1.170102964329999994e-20 2.972279578080915030e+00
7.041490802670000448e+03 3.413551729059999722e-20 1.169042339670000038e-20 2.919955602312560128e+00
7.075360502839999754e+03 3.358424103559999737e-20 1.167783739369999958e-20 2.875895587801054809e+00
7.109140422839999701e+03 3.292342937000000041e-20 1.165951101390000045e-20 2.823740149200940852e+00
7.142832118839999566e+03 3.187734731939999812e-20 1.163356258380000044e-20 2.740119124281836793e+00
7.176437103819999720e+03 3.085330066529999812e-20 1.161223222799999981e-20 2.656965522176258698e+00
7.209956849240000338e+03 3.008034758920000155e-20 1.160202111989999990e-20 2.592681678333237816e+00
7.243392786600000363e+03 2.927573727850000114e-20 1.159578232100000000e-20 2.524688414121188273e+00
7.276746308929999941e+03 2.837126020089999950e-20 1.159003793839999981e-20 2.447900546287309353e+00
7.310018772190000163e+03 2.728014132099999900e-20 1.158266693649999966e-20 2.355255613457481800e+00
7.343211496670000088e+03 2.602267283489999850e-20 1.157613233149999973e-20 2.247959170619472591e+00
7.376314810519999810e+03 2.465782474620000007e-20 1.157483645449999956e-20 2.130295736197090672e+00
7.409326554870000109e+03 2.317176784620000094e-20 1.157023120890000054e-20 2.002705687365687215e+00
7.442248294269999860e+03 2.205740207430000073e-20 1.157151517120000024e-20 1.906180975262255384e+00
7.475081550339999922e+03 2.158680793359999900e-20 1.158719851170000070e-20 1.862987667968494909e+00
7.507827803369999856e+03 2.158640744969999985e-20 1.161324043399999956e-20 1.858775556433123644e+00
7.540488493930000004e+03 2.190451807880000005e-20 1.161405630470000059e-20 1.886035120213394700e+00
7.573065024300000005e+03 2.232055928420000116e-20 1.159748717859999949e-20 1.924603057581862009e+00
7.605558759849999660e+03 2.271736992219999983e-20 1.157616711259999959e-20 1.962425879069544132e+00
7.637971030409999912e+03 2.310510921939999994e-20 1.155302117420000043e-20 1.999919230737490228e+00
7.670303131560000111e+03 2.356401807860000133e-20 1.153284641740000051e-20 2.043209215293820158e+00
7.702556325769999603e+03 2.413056965340000145e-20 1.152832362270000024e-20 2.093155123255334260e+00
7.734693825399999696e+03 2.473213197989999980e-20 1.152872002000000057e-20 2.145262608250937397e+00
7.766707898110000315e+03 2.515229932430000093e-20 1.152719077800000066e-20 2.181997314758071127e+00
7.798600960949999717e+03 2.530926583540000112e-20 1.152329630299999950e-20 2.196356421800152336e+00
7.830375354359999619e+03 2.512230171659999880e-20 1.151425397569999968e-20 2.181843632216103668e+00
7.862033345499999996e+03 2.452754174059999930e-20 1.149680156199999983e-20 2.133423074959393428e+00
7.893577131430000009e+03 2.370890929029999911e-20 1.151408011879999996e-20 2.059123181850062156e+00
7.925008842080000250e+03 2.291732596400000068e-20 1.152936402049999946e-20 1.987735483349421850e+00
7.956330543119999675e+03 2.219516933039999905e-20 1.154895620299999998e-20 1.921833362276886836e+00
7.987544238579999728e+03 2.175875992770000000e-20 1.158100250599999988e-20 1.878832157788326906e+00
8.018651873410000007e+03 2.137120535419999915e-20 1.161812294420000001e-20 1.839471441027307641e+00
8.049655335870000272e+03 2.076555380589999928e-20 1.165505693640000022e-20 1.781677594473771720e+00
8.080556459849999555e+03 2.009408261700000052e-20 1.169160911279999969e-20 1.718675540991269957e+00
8.111357026970000334e+03 1.923475136690000149e-20 1.172280557029999946e-20 1.640797610397266348e+00
8.142058768679999957e+03 1.815639657199999924e-20 1.175003802889999969e-20 1.545220239061621426e+00
8.172663368169999558e+03 1.710097193489999862e-20 1.177795377300000000e-20 1.451947618787788441e+00
8.203172462270000324e+03 1.629851787989999911e-20 1.181551655020000050e-20 1.379416448756454416e+00
8.233587643180000669e+03 1.589738600820000137e-20 1.183201710569999992e-20 1.343590519366434588e+00
8.263910460139999486e+03 1.610381767539999930e-20 1.186090523169999983e-20 1.357722480773237761e+00
8.294142421070000637e+03 1.693231717370000132e-20 1.190167235609999957e-20 1.422683860476265716e+00
8.324284994060000827e+03 1.807059467479999878e-20 1.194911370940000025e-20 1.512295816599721343e+00
8.354339608820000649e+03 1.943999636640000069e-20 1.200372840480000050e-20 1.619496518983753131e+00
8.384307658069999889e+03 2.097960431100000085e-20 1.207187464030000059e-20 1.737891167372048962e+00
8.414190498879999723e+03 2.257260841940000019e-20 1.216282700039999987e-20 1.855868575509431517e+00
8.443978589509999438e+03 2.406136098640000118e-20 1.225334557170000062e-20 1.963656443508087879e+00
8.473668082390000563e+03 2.525775434750000108e-20 1.233778746779999979e-20 2.047186694812130003e+00
8.503260634210000717e+03 2.604144321639999906e-20 1.241513675570000021e-20 2.097555889140240826e+00
8.532757856529999117e+03 2.642595875840000008e-20 1.249228896969999951e-20 2.115381642427265785e+00
8.562161317430000054e+03 2.652483563369999854e-20 1.254949089449999990e-20 2.113618461233746082e+00
8.591472543190000579e+03 2.642581692630000081e-20 1.259480549069999933e-20 2.098152047351014460e+00
8.620693019779999304e+03 2.616854588999999880e-20 1.263752872589999965e-20 2.070701199386304037e+00
8.649824194369999532e+03 2.581184639759999943e-20 1.267894594770000016e-20 2.035803804517547277e+00
8.678867476699999315e+03 2.540449733539999870e-20 1.272532061730000041e-20 1.996373851741128691e+00
8.707824240429999918e+03 2.493124031299999948e-20 1.278017905829999962e-20 1.950773944501863255e+00
8.736695824410000569e+03 2.431369191400000065e-20 1.287186711000000056e-20 1.888901719247161992e+00
8.765483533889999308e+03 2.349683034410000137e-20 1.297956927580000002e-20 1.810293534771535429e+00
8.794188641720000305e+03 2.252772923300000144e-20 1.308489301789999975e-20 1.721659413048490128e+00
8.822812389410000833e+03 2.153178188600000004e-20 1.318891821029999955e-20 1.632566184934301168e+00
8.851355988229999639e+03 2.063926054529999934e-20 1.329591002419999977e-20 1.552301460203499017e+00
8.879820620239999698e+03 1.994486219219999883e-20 1.341221044849999953e-20 1.487067494861042949e+00
8.908207439199999499e+03 1.949236639659999955e-20 1.352078293379999935e-20 1.441659591167010479e+00
8.936517571599999428e+03 1.924237340620000084e-20 1.362966722460000088e-20 1.411800676356184558e+00
8.964749724409999544e+03 1.905529242889999959e-20 1.374888565590000037e-20 1.385951771351221051e+00
8.992891623560000880e+03 1.875002328019999993e-20 1.387422053029999875e-20 1.351428949774274191e+00
9.020944688650000899e+03 1.833412583599999909e-20 1.400907933219999874e-20 1.308731673312666599e+00
9.048910302969999975e+03 1.799826321639999880e-20 1.415537688789999942e-20 1.271478912849356435e+00
9.076789814839999963e+03 1.776187169999999960e-20 1.430806010679999898e-20 1.241389228687860724e+00
9.104584538760000214e+03 1.760159193090000117e-20 1.446346100530000038e-20 1.216969570730688899e+00
9.132295756629999232e+03 1.751110580819999890e-20 1.462298159620000001e-20 1.197505836480743602e+00
9.159924718869999197e+03 1.746510490369999914e-20 1.478981994550000097e-20 1.180886918708837330e+00
9.187472645440000633e+03 1.745152794439999942e-20 1.496642087729999901e-20 1.166045515322186032e+00
9.214940726920000088e+03 1.742677332450000122e-20 1.515328882110000029e-20 1.150032414101044287e+00
9.242330125469999984e+03 1.729237721800000055e-20 1.534950654519999985e-20 1.126575448342836960e+00
9.269641975750000711e+03 1.692735893300000147e-20 1.555304402179999893e-20 1.088363082446991648e+00
9.296877385829999184e+03 1.633547125730000091e-20 1.576231602329999976e-20 1.036362374231855066e+00
9.324037438080000356e+03 1.579070326609999992e-20 1.597905652020000143e-20 9.882124921542211338e-01
