2.800000000000000000e+03 7.113390880420000444e-19 1.984076289280000019e-18 3.585240607356571796e-01
2.806234220899999855e+03 7.348029817359999766e-19 1.960472182690000062e-18 3.748091853707218868e-01
2.812507343599999786e+03 7.709797027200000386e-19 1.937658545259999977e-18 3.978924483913898191e-01
2.818819926610000039e+03 8.148609932559999688e-19 1.915372060350000139e-18 4.254322228690642360e-01
2.825172541800000090e+03 8.592686967469999884e-19 1.893269934449999995e-18 4.538542978535281547e-01
2.831565774820000115e+03 8.985383659780000692e-19 1.871103696979999992e-18 4.802183692054371456e-01
2.838000225599999794e+03 9.293726811190000364e-19 1.848739709379999961e-18 5.027060739830583325e-01
2.844476508809999814e+03 9.525989624720000468e-19 1.826223672600000083e-18 5.216222836032905485e-01
2.850995254410000143e+03 9.777828843319999364e-19 1.803982824899999996e-18 5.420134110124918969e-01
2.857557108139999855e+03 1.016813873100000025e-18 1.782542053610000135e-18 5.704291077120737796e-01
2.864162732109999979e+03 1.073548119959999946e-18 1.762060371449999909e-18 6.092572861601653900e-01
2.870812805389999994e+03 1.143939440450000092e-18 1.742524297460000093e-18 6.564840686109626455e-01
2.877508024589999877e+03 1.218640410150000025e-18 1.723576431350000001e-18 7.070417000280595499e-01
2.884249104529999840e+03 1.287653511510000094e-18 1.704529941609999968e-18 7.554302685312511700e-01
2.891036778910000066e+03 1.348185060480000079e-18 1.685269598219999974e-18 7.999818319300174840e-01
2.897871800999999778e+03 1.402071229690000049e-18 1.665879833069999989e-18 8.416400762269659053e-01
2.904754944379999870e+03 1.448935090690000083e-18 1.646343134819999963e-18 8.800930134460802634e-01
2.911687003730000015e+03 1.485175914349999957e-18 1.626500935159999930e-18 9.131110116477751948e-01
2.918668795630000204e+03 1.509129247760000086e-18 1.606284175939999932e-18 9.395157285147600623e-01
2.925701159400000051e+03 1.526633148010000089e-18 1.585947015349999990e-18 9.626003474479820632e-01
2.932784958029999871e+03 1.543511657309999921e-18 1.565739045609999963e-18 9.858038998501564842e-01
2.939921079079999799e+03 1.559063545980000040e-18 1.545630016389999973e-18 1.008691297042338508e+00
2.947110435709999820e+03 1.564202386370000062e-18 1.525236717489999926e-18 1.025547292714093395e+00
2.954353967699999885e+03 1.549872617750000053e-18 1.504179653380000016e-18 1.030377331768399296e+00
2.961652642540000215e+03 1.514158203849999972e-18 1.482378007620000044e-18 1.021438658740643213e+00
2.969007456610000190e+03 1.463738951640000004e-18 1.460109447019999935e-18 1.002485775725516781e+00
2.976419436409999889e+03 1.411477890599999979e-18 1.437912450770000003e-18 9.816160155259492370e-01
2.983889639770000031e+03 1.368868349319999990e-18 1.416271039369999965e-18 9.665299305484025272e-01
2.991419157320000068e+03 1.344321970020000052e-18 1.395540559550000088e-18 9.632983870088908107e-01
2.999009113820000039e+03 1.344247728709999958e-18 1.375989212279999988e-18 9.769318805069665546e-01
3.006660669760000019e+03 1.373257626540000090e-18 1.357803308120000075e-18 1.011381853562721034e+00
3.014375022879999960e+03 1.422272265119999905e-18 1.340588361389999960e-18 1.060931383624206026e+00
3.022153409959999863e+03 1.475929320399999984e-18 1.323857537039999960e-18 1.114870202499292917e+00
3.029996075850000125e+03 1.521512403689999908e-18 1.308177799180000076e-18 1.163077683051740863e+00
3.037896246530000099e+03 1.555013629630000009e-18 1.292129400610000041e-18 1.203450388866544873e+00
3.045854895659999784e+03 1.580934295800000012e-18 1.275901853150000007e-18 1.239072027285580857e+00
3.053873024410000198e+03 1.603310770059999929e-18 1.259662547839999996e-18 1.272809747983115747e+00
3.061951662529999794e+03 1.625597145059999906e-18 1.245583445840000075e-18 1.305088912741390050e+00
3.070091869500000030e+03 1.656250779400000038e-18 1.233126117850000071e-18 1.343131700338756174e+00
3.078294735750000200e+03 1.707565888790000031e-18 1.221462031689999986e-18 1.397968863942035567e+00
3.086561383939999814e+03 1.773472312700000099e-18 1.210420982289999956e-18 1.465169836485122001e+00
3.094892970309999782e+03 1.837094471779999895e-18 1.199317711649999953e-18 1.531782991224700519e+00
3.103290686079999887e+03 1.884887207290000106e-18 1.187614820900000010e-18 1.587119977049117781e+00
3.111755758979999882e+03 1.911478027090000165e-18 1.175108319019999993e-18 1.626639856216920643e+00
3.120289454799999930e+03 1.923369193599999866e-18 1.162064117260000084e-18 1.655131730712984028e+00
3.128893079070000113e+03 1.937045190710000178e-18 1.149136864039999936e-18 1.685652293757216258e+00
3.137567978850000145e+03 1.944158553539999906e-18 1.135998629629999970e-18 1.711409241904826350e+00
3.146315544560000035e+03 1.932422827010000067e-18 1.122168903539999998e-18 1.722042752132917576e+00
3.155137211990000196e+03 1.903429844719999854e-18 1.107711608220000049e-18 1.718344224792094144e+00
3.164034464370000023e+03 1.865348043989999913e-18 1.092945981689999954e-18 1.706715679676730657e+00
3.173008834589999879e+03 1.819099517849999885e-18 1.077905179060000026e-18 1.687624805213726820e+00
3.182061907599999813e+03 1.752030648909999899e-18 1.062090701090000072e-18 1.649605487659321135e+00
3.191195322839999790e+03 1.648878316320000038e-18 1.044899273790000048e-18 1.578026090820487504e+00
3.200410776960000021e+03 1.523616424730000066e-18 1.026866416820000023e-18 1.483753290372797906e+00
3.209710026600000219e+03 1.423929532649999948e-18 1.009877089079999946e-18 1.410002809299498727e+00
3.219094891440000083e+03 1.368455120900000050e-18 9.946900752950000660e-19 1.375760304529177747e+00
3.228567257379999774e+03 1.340987002000000074e-18 9.806707552270000017e-19 1.367418162367446399e+00
3.238129079960000126e+03 1.323213670690000015e-18 9.670912991290000033e-19 1.368240694422271808e+00
3.247782387990000188e+03 1.307470322200000019e-18 9.536414784819999962e-19 1.371029209301195984e+00
3.257529287500000009e+03 1.295319950000000001e-18 9.403778043870000487e-19 1.377446324187090454e+00
3.267371965840000030e+03 1.291857335540000052e-18 9.275004253229999253e-19 1.392837458904790937e+00
3.277312696200000119e+03 1.299925292310000092e-18 9.152459111890000878e-19 1.420301665834552862e+00
3.287353842340000028e+03 1.319697914420000039e-18 9.035518287340000386e-19 1.460566923171499498e+00
3.297497863730000063e+03 1.354008968380000047e-18 8.938089102670000499e-19 1.514875218658905842e+00
3.307730815039999925e+03 1.408257383739999953e-18 8.854194132210000530e-19 1.590497523221235276e+00
3.318047847190000084e+03 1.480746744069999923e-18 8.755380560740000081e-19 1.691242012608584977e+00
3.328450523340000018e+03 1.557407635129999990e-18 8.627367179590000374e-19 1.805194565978833099e+00
3.338940455060000204e+03 1.627855517209999994e-18 8.498948433580000361e-19 1.915361094295168876e+00
3.349519304439999814e+03 1.698713099169999980e-18 8.372681315579999665e-19 2.028875858452908520e+00
3.360188786359999995e+03 1.768747731439999813e-18 8.248075156250000474e-19 2.144436972182202528e+00
3.370950670809999792e+03 1.822260718540000053e-18 8.119275099029999905e-19 2.244363808731771215e+00
3.381806785459999901e+03 1.861867697439999821e-18 7.987503640319999857e-19 2.330975710660719624e+00
3.392759018260000175e+03 1.906310934480000073e-18 7.859650963190000165e-19 2.425439683527987889e+00
3.403809320280000065e+03 1.962055347090000029e-18 7.737727458360000143e-19 2.535699735676467892e+00
3.414959708719999981e+03 2.021358201440000137e-18 7.618889729250000304e-19 2.653087619420082532e+00
3.426212270030000127e+03 2.076185342070000096e-18 7.500272342559999895e-19 2.768146604875623140e+00
3.437569163350000053e+03 2.129593909879999843e-18 7.382786930999999764e-19 2.884539307152327758e+00
3.449032624020000185e+03 2.194610045190000174e-18 7.270993497199999999e-19 3.018308359146692155e+00
3.460604967459999898e+03 2.277917758230000001e-18 7.167140431820000204e-19 3.178279789407660427e+00
3.472288593159999891e+03 2.375523984860000110e-18 7.069624228859999753e-19 3.360184230390221405e+00
3.484085989090000112e+03 2.484544288280000163e-18 6.977273166550000162e-19 3.560910156407870897e+00
3.495999736279999979e+03 2.598757524610000000e-18 6.887790242670000183e-19 3.772991675197430617e+00
3.508032513740000013e+03 2.703881320130000080e-18 6.796328761830000246e-19 3.978443973039857529e+00
3.520187103780000143e+03 2.790775020429999924e-18 6.700084728670000203e-19 4.165283176924812203e+00
3.532466397610000058e+03 2.855985152789999865e-18 6.598239532830000453e-19 4.328404779153358639e+00
3.544873401459999968e+03 2.895865872119999831e-18 6.489729434999999647e-19 4.462228974450304086e+00
3.557411243000000013e+03 2.915380793889999847e-18 6.376059109469999688e-19 4.572386710719086089e+00
3.570083178349999798e+03 2.921023180690000159e-18 6.259325437880000316e-19 4.666674084419127233e+00
3.582892599559999780e+03 2.914287649809999836e-18 6.188930214279999691e-19 4.708871402501407566e+00
3.595843042649999916e+03 2.893737744759999834e-18 6.117051262059999879e-19 4.730608949949349551e+00
3.608938196340000104e+03 2.865891399080000002e-18 6.042739070559999594e-19 4.742702548654659900e+00
3.622181911399999990e+03 2.849147466460000161e-18 5.971787164290000276e-19 4.771013078793711060e+00
3.635578210730000137e+03 2.813337350300000019e-18 5.894867244079999813e-19 4.772520285550674757e+00
3.649131300380000084e+03 2.699924251350000127e-18 5.793816691929999769e-19 4.660009791318783456e+00
3.662845581359999869e+03 2.485330337349999927e-18 5.660726505229999519e-19 4.390479446505284322e+00
3.676725662519999787e+03 2.205448960079999910e-18 5.505636501509999659e-19 4.005801980343460578e+00
3.690776374489999853e+03 1.924670606919999986e-18 5.349325266700000197e-19 3.597968923111175332e+00
3.704998813929999869e+03 1.686919943689999939e-18 5.218477356649999754e-19 3.232590329323413503e+00
3.719361905759999900e+03 1.537193849190000080e-18 5.119498160639999937e-19 3.002626040591900747e+00
3.733868768069999987e+03 1.475391184849999967e-18 5.046483535619999826e-19 2.923602493570280902e+00
3.748522634160000052e+03 1.459954911380000064e-18 4.984135675379999919e-19 2.929203790722832323e+00
3.763326858670000092e+03 1.482635825429999980e-18 4.937700184720000175e-19 3.002684994966082765e+00
3.778284923969999909e+03 1.543098700880000067e-18 4.906205592609999938e-19 3.145197794410208303e+00
3.793400447080000049e+03 1.641140449260000062e-18 4.886986988350000334e-19 3.358184609806174947e+00
3.808677187050000157e+03 1.809515051380000153e-18 4.890100777379999524e-19 3.700363517558211690e+00
3.824119052879999799e+03 2.081140158509999958e-18 4.924240364349999998e-19 4.226317166759000266e+00
3.839730112010000084e+03 2.451277481009999887e-18 4.985990068769999967e-19 4.916330452328214307e+00
3.855514599420000195e+03 2.875055775989999980e-18 5.059303350579999674e-19 5.682710793889049761e+00
3.871476927440000054e+03 3.260397181009999854e-18 5.115687718190000467e-19 6.373331134769838258e+00
3.887621696289999818e+03 3.532655672520000232e-18 5.135277561439999562e-19 6.879191300283673094e+00
3.903953705460000037e+03 3.680363073109999780e-18 5.119812934150000325e-19 7.188471767320575800e+00
3.920477965980000135e+03 3.705348912650000303e-18 5.071147257760000235e-19 7.306727105942308675e+00
3.937199713649999921e+03 3.612234449440000261e-18 4.990776548510000430e-19 7.237820436016986214e+00
3.954124423369999931e+03 3.434370240840000121e-18 4.887732327070000263e-19 7.026510477710155911e+00
3.971257824710000023e+03 3.219382707540000052e-18 4.776226495089999554e-19 6.740431407198867575e+00
3.988597782339999867e+03 3.079675161379999941e-18 4.691184680870000215e-19 6.564813305983214775e+00
4.006124721480000062e+03 3.104265292970000128e-18 4.650979605120000172e-19 6.674433251766338060e+00
4.023843102220000219e+03 3.268055626950000084e-18 4.647491176449999946e-19 7.031870535892688068e+00
4.041757561970000097e+03 3.474902275370000090e-18 4.653992544759999777e-19 7.466497296568394226e+00
4.059872925459999806e+03 3.636345732609999749e-18 4.647327030199999999e-19 7.824596179652774985e+00
4.078194215470000017e+03 3.679096204699999782e-18 4.609448570590000259e-19 7.981640641733166674e+00
4.096726664370000435e+03 3.581572216100000233e-18 4.525886737230000020e-19 7.913525954235538507e+00
4.115475726570000006e+03 3.412044676569999811e-18 4.418331973260000187e-19 7.722472410900518724e+00
4.134447091830000318e+03 3.239198949669999956e-18 4.311212184070000185e-19 7.513429660546268707e+00
4.153646699779999835e+03 3.089061118150000192e-18 4.210006894329999996e-19 7.337425319446199801e+00
4.173080755410000165e+03 2.943413153379999854e-18 4.109954833029999804e-19 7.161667884340262802e+00
4.192755746030000410e+03 2.761849377730000091e-18 4.000618143429999816e-19 6.903556597286439001e+00
4.212678459439999642e+03 2.548939258320000097e-18 3.882879519769999783e-19 6.564559228124042356e+00
4.232856003810000402e+03 2.338275567050000057e-18 3.765382333560000201e-19 6.209928660389887334e+00
4.253295829140000023e+03 2.130164731329999978e-18 3.648195441850000015e-19 5.838954533230252153e+00
4.274005750680000347e+03 1.933775001560000116e-18 3.533766948610000161e-19 5.472276552704321340e+00
4.294993974410000192e+03 1.820239444370000167e-18 3.442735233529999967e-19 5.287189751457076703e+00
4.316269124929999634e+03 1.848064487040000064e-18 3.392869523609999966e-19 5.446907033058161041e+00
4.337840275819999988e+03 1.974133347099999910e-18 3.370970388280000073e-19 5.856276145182276238e+00
4.359716982990000361e+03 2.105597645330000160e-18 3.358461725259999932e-19 6.269529974074640855e+00
4.381909321289999752e+03 2.187799848729999982e-18 3.340337237739999872e-19 6.549637635420961779e+00
4.404369584230000328e+03 2.193948754040000151e-18 3.304832846380000176e-19 6.638607324552514122e+00
4.427080516990000433e+03 2.190906250740000121e-18 3.267134186490000158e-19 6.705896133068748100e+00
4.450047996590000366e+03 2.289198545530000082e-18 3.256037091139999955e-19 7.030627973370255468e+00
4.473278128220000326e+03 2.458832826800000015e-18 3.262518992890000166e-19 7.536608467746941820e+00
4.496777257859999736e+03 2.579272126209999915e-18 3.255607630630000006e-19 7.922552158752862894e+00
4.520551985690000038e+03 2.594645614679999839e-18 3.222122267029999807e-19 8.052598255595128762e+00
4.544609180550000019e+03 2.537142672030000100e-18 3.170620170409999935e-19 8.002039145868161896e+00
4.568955995469999834e+03 2.469008483619999919e-18 3.116830156399999909e-19 7.921536816981241458e+00
4.593599884319999546e+03 2.404882207799999896e-18 3.064186326190000170e-19 7.848355001277689702e+00
4.618548619780000081e+03 2.282544358910000175e-18 2.998085748049999765e-19 7.613339146135501778e+00
4.643810312730000078e+03 2.094227643849999841e-18 2.914603840300000108e-19 7.185290895775533926e+00
4.669393433080000250e+03 1.937433842109999954e-18 2.838613544700000192e-19 6.825282172444358864e+00
4.695306832430000213e+03 1.850884739750000192e-18 2.780729944960000070e-19 6.656111080130885149e+00
4.721559768430000076e+03 1.771795894849999850e-18 2.724894221039999864e-19 6.502255688199761963e+00
4.748161931339999683e+03 1.683794539470000034e-18 2.666696281790000007e-19 6.314159400033982905e+00
4.775123472709999987e+03 1.616099755349999906e-18 2.613824987459999861e-19 6.182891980539426235e+00
4.802455036659999678e+03 1.516232887659999959e-18 2.552423173129999912e-19 5.940366407975623098e+00
4.830167793859999620e+03 1.365259964660000041e-18 2.477299773810000086e-19 5.511080972490778329e+00
4.858273478660000364e+03 1.256837598989999914e-18 2.413731351990000142e-19 5.207031834565186479e+00
4.886784429559999808e+03 1.272371582819999951e-18 2.381844203300000131e-19 5.341959734633999979e+00
4.915713633510000363e+03 1.319959280539999955e-18 2.361048376490000102e-19 5.590564317459212340e+00
4.945038242429999627e+03 1.319000951229999926e-18 2.331830923240000234e-19 5.656503385748451684e+00
4.974713975620000383e+03 1.319703747940000000e-18 2.303137822539999939e-19 5.730025077199130124e+00
5.004749333159999878e+03 1.366360553670000049e-18 2.286752276210000107e-19 5.975113998506948576e+00
5.035153154200000245e+03 1.465012888090000002e-18 2.281934331469999894e-19 6.420048411937660404e+00
5.065934636109999701e+03 1.602507587819999922e-18 2.286619881270000185e-19 7.008194063850958777e+00
5.097103355010000087e+03 1.717659777749999959e-18 2.285485151409999928e-19 7.515514929905855901e+00
5.128669288000000051e+03 1.746462258330000078e-18 2.268355676869999796e-19 7.699243448187382377e+00
5.160642836830000306e+03 1.729950606560000083e-18 2.245163214000000110e-19 7.705233168674213040e+00
5.193034853690000091e+03 1.686208154829999955e-18 2.215392589230000134e-19 7.611328858945367593e+00
5.225856668770000397e+03 1.512525441910000017e-18 2.153787238549999972e-19 7.022631645492902308e+00
5.259120120229999884e+03 1.291721671490000074e-18 2.078897655089999931e-19 6.213493330599185960e+00
5.292837586519999604e+03 1.207904783839999995e-18 2.038675728989999929e-19 5.924948076163244259e+00
5.327022021380000297e+03 1.234690239019999913e-18 2.031227499939999995e-19 6.078542354593324148e+00
5.361609736180000255e+03 1.269323233909999963e-18 2.027218733980000111e-19 6.261402445793117444e+00
5.396575455279999915e+03 1.217471910349999943e-18 1.994633395700000094e-19 6.103737724308673229e+00
5.431926711819999582e+03 1.108026264890000043e-18 1.945417594410000107e-19 5.695570288218959831e+00
5.467671280929999739e+03 1.092335860740000009e-18 1.920933367570000080e-19 5.686484909790576303e+00
5.503817190740000115e+03 1.229187140049999960e-18 1.936294515299999907e-19 6.348141413082275086e+00
5.540372733960000005e+03 1.373333178150000042e-18 1.952120619460000058e-19 7.035083613480270337e+00
5.577346480189999966e+03 1.412279467720000096e-18 1.941177542579999885e-19 7.275375058393439787e+00
5.614747288980000121e+03 1.405835322910000002e-18 1.919180816089999996e-19 7.325184324081287279e+00
5.652584323639999639e+03 1.377213919169999996e-18 1.891173212430000052e-19 7.282325649063074557e+00
5.690867065999999795e+03 1.308924486829999931e-18 1.853312780499999943e-19 7.062620517173948897e+00
5.729605332019999878e+03 1.217954714800000013e-18 1.811623798979999939e-19 6.723000191793384595e+00
5.768763529750000089e+03 1.172951620279999997e-18 1.783210274680000033e-19 6.577752702162329435e+00
5.808299052659999688e+03 1.208213212119999937e-18 1.774927431869999943e-19 6.807113296159211124e+00
5.848217672920000041e+03 1.250701505980000013e-18 1.768270943820000111e-19 7.073019609077025649e+00
5.888525299009999799e+03 1.265453821199999912e-18 1.754069883429999942e-19 7.214386571220670952e+00
5.929227980259999640e+03 1.280624672189999916e-18 1.736116640790000042e-19 7.376374617360192509e+00
5.970331911510000282e+03 1.243839913989999962e-18 1.705985067690000045e-19 7.291036349305385578e+00
6.011843438029999561e+03 1.078004558369999957e-18 1.644561124180000038e-19 6.554968024721533837e+00
6.053769060640000134e+03 7.984852031730000042e-19 1.552551121719999992e-19 5.143052566851356922e+00
6.096115441029999602e+03 5.777708827209999766e-19 1.472122136749999919e-19 3.924748282072187511e+00
6.138889407360000405e+03 5.385147737539999722e-19 1.441050318590000093e-19 3.736960235232530625e+00
6.182097960050000438e+03 6.781891392100000210e-19 1.462520382530000068e-19 4.637126068881221919e+00
6.225748277929999858e+03 8.862711814720000522e-19 1.499615622059999884e-19 5.909988989408781812e+00
6.269847724539999945e+03 1.025776896039999910e-18 1.518270725820000028e-19 6.756218628176407393e+00
6.314354543919999742e+03 1.071483825299999988e-18 1.515008759589999921e-19 7.072459604721829329e+00
6.359218620089999604e+03 1.058097743890000076e-18 1.497435945919999945e-19 7.066063471849690636e+00
6.404443488070000058e+03 9.999189731770000634e-19 1.469254754539999996e-19 6.805620128757443155e+00
6.450032729270000345e+03 9.263462637149999070e-19 1.438115512600000083e-19 6.441389829946542633e+00
6.495989972309999757e+03 8.637219824750000109e-19 1.411372610680000037e-19 6.119730367013841210e+00
6.542318893880000360e+03 8.230327528129999582e-19 1.392155843370000089e-19 5.911929736405657110e+00
6.589023219579999932e+03 7.802488988289999523e-19 1.368893250669999889e-19 5.699852040669423303e+00
6.636106724799999938e+03 7.358708779909999559e-19 1.341665714459999892e-19 5.484755778283988192e+00
6.683573235599999862e+03 6.809430714379999788e-19 1.312911783309999984e-19 5.186510473089555262e+00
6.731426629620000313e+03 6.322055081080000198e-19 1.286560826909999880e-19 4.913918525145841265e+00
6.779670837050000046e+03 5.975135609840000291e-19 1.263846860270000000e-19 4.727737036561147299e+00
6.828309841539999979e+03 5.651775917459999759e-19 1.243852034769999916e-19 4.543768679451544834e+00
6.877262932290000208e+03 5.338909640889999671e-19 1.225230122729999942e-19 4.357475009669280475e+00
6.926490204800000356e+03 5.161189027129999568e-19 1.211599151579999964e-19 4.259815649754698619e+00
6.975992335060000187e+03 5.025262913499999956e-19 1.201757113370000010e-19 4.181596145836841139e+00
7.025769992470000034e+03 4.877853814560000262e-19 1.191657125640000117e-19 4.093336673449809560e+00
7.075823839829999997e+03 4.758671482930000266e-19 1.182329021599999979e-19 4.024828449605571734e+00
7.126154533220000303e+03 4.597083734389999819e-19 1.171899178479999899e-19 3.922763851027356363e+00
7.176762722000000394e+03 4.371517434820000174e-19 1.159315210360000076e-19 3.770775536933152594e+00
7.227649048739999671e+03 4.204454540650000149e-19 1.145899047699999885e-19 3.669131717221515654e+00
7.278814149169999837e+03 4.012221260290000202e-19 1.132007687310000056e-19 3.544341001627186127e+00
7.330258652129999973e+03 3.759362733579999779e-19 1.116618581090000013e-19 3.366738470275369099e+00
7.381983179539999583e+03 3.459057532120000074e-19 1.102132698310000062e-19 3.138512755700004764e+00
7.433874579690000246e+03 3.156529237770000005e-19 1.087874969330000057e-19 2.901555166504145244e+00
7.485924517149999701e+03 3.052206038269999928e-19 1.080019838609999969e-19 2.826064789882221095e+00
7.538132224150000184e+03 3.100456760859999939e-19 1.076473869500000000e-19 2.880196954804020049e+00
7.590496933989999889e+03 3.194360337109999814e-19 1.074370706019999962e-19 2.973238491342982570e+00
7.643017881130000205e+03 3.283850046390000005e-19 1.072344799179999956e-19 3.062307989837870004e+00
7.695694301280000218e+03 3.401542019719999771e-19 1.070399903840000033e-19 3.177823547551860806e+00
7.748525431439999920e+03 3.535274849040000196e-19 1.066938340839999989e-19 3.313476246674836201e+00
7.801510510000000068e+03 3.586852392019999898e-19 1.061408803539999970e-19 3.379331676972308962e+00
7.854648776820000421e+03 3.500273395980000144e-19 1.052292413190000036e-19 3.326331495034733354e+00
7.907939473250000447e+03 3.307889786679999980e-19 1.040370504940000001e-19 3.179530533567723527e+00
7.961381842249999863e+03 3.132249901989999762e-19 1.029652297400000011e-19 3.042046242114274879e+00
8.014975128400000358e+03 3.037143163819999836e-19 1.022342527569999970e-19 2.970768682624372214e+00
8.068718578009999874e+03 2.885520505900000183e-19 1.013582757710000055e-19 2.846852399521171861e+00
8.122611439170000267e+03 2.672166482139999792e-19 1.003124532640000041e-19 2.663843217060451796e+00
8.176652961789999608e+03 2.406226563259999965e-19 9.931881403820000525e-20 2.422729858951514714e+00
8.230725865099999282e+03 2.255284900980000232e-19 9.875139010429999440e-20 2.283800662044348062e+00
8.284772987500000454e+03 2.356808436720000175e-19 9.889199051100000564e-20 2.383214681534644885e+00
8.338794701630000418e+03 2.650715713489999766e-19 9.955403789729999438e-20 2.662589855194502420e+00
8.392791371949999302e+03 3.037383061469999857e-19 1.004497079170000041e-19 3.023784861554541514e+00
8.446763354959999560e+03 3.428114815210000168e-19 1.013342228779999958e-19 3.382978344184110142e+00
8.500710999470000388e+03 3.683540654380000048e-19 1.017529451999999941e-19 3.620082590375969023e+00
8.554634646799999246e+03 3.758619212540000077e-19 1.016993026900000034e-19 3.695816109965896157e+00
8.608534630989999641e+03 3.726205471310000042e-19 1.013791014349999980e-19 3.675516372276277810e+00
8.662411279019999711e+03 3.633955546449999927e-19 1.009099112009999947e-19 3.601187934068847074e+00
8.716264911009999196e+03 3.510488264990000093e-19 1.003682515540000060e-19 3.497608268189559499e+00
8.770095840410000164e+03 3.309118099789999953e-19 9.959874658499999685e-20 3.322449542039083603e+00
8.823904374179999650e+03 3.046388872270000045e-19 9.866109400690000159e-20 3.087730683441384461e+00
8.877690812990000268e+03 2.832895184279999883e-19 9.784077240380000327e-20 2.895413757148522116e+00
8.931455451359999643e+03 2.732079041540000032e-19 9.732119822489999749e-20 2.807280521995245248e+00
8.985198577859999205e+03 2.671688652490000234e-19 9.692747200390000265e-20 2.756379174299007140e+00
9.038920475270000679e+03 2.565815954010000046e-19 9.644093760339999556e-20 2.660504986545820127e+00
9.092621420719999151e+03 2.502997862460000181e-19 9.607176481819999800e-20 2.605341816293800239e+00
9.146301685829999769e+03 2.477796097860000032e-19 9.579666839609999818e-20 2.586515939797415786e+00
9.199961536889999479e+03 2.472618686620000014e-19 9.557816323000000506e-20 2.587012140701921759e+00
9.253601234989999284e+03 2.434206498659999981e-19 9.538889388259999677e-20 2.551876219107753307e+00
9.307172720660000778e+03 2.282755683129999824e-19 9.499936515689999621e-20 2.402916776717216596e+00
9.360635254009999699e+03 2.176914995809999913e-19 9.472789787060000144e-20 2.298071681885841766e+00
9.413990733290000207e+03 2.110612905799999938e-19 9.455610232379999671e-20 2.232127651129665491e+00
9.467241004510000494e+03 2.044134258569999990e-19 9.437787930759999415e-20 2.165903995265330728e+00
9.520387863370000559e+03 1.982531807959999966e-19 9.395913493010000560e-20 2.109993679097711183e+00
9.573433057219999682e+03 1.934292743169999969e-19 9.350814039519999754e-20 2.068582195084795128e+00
9.626378286740000476e+03 1.903996970879999917e-19 9.311563142129999969e-20 2.044766213596726612e+00
9.679225207710000177e+03 1.874157363380000116e-19 9.272678195869999939e-20 2.021160794962926222e+00
9.731975432630000796e+03 1.832333202399999907e-19 9.230625989340000279e-20 1.985058439715867706e+00
9.784630532240000321e+03 1.790527331940000042e-19 9.213734003349999811e-20 1.943324314864078417e+00
9.837192036989999906e+03 1.749085242599999882e-19 9.199563478619999876e-20 1.901269822926832109e+00
9.889661438510000153e+03 1.708599372419999951e-19 9.185715641800000149e-20 1.860061250584487791e+00
9.942040190899999288e+03 1.668564456089999935e-19 9.171730316019999935e-20 1.819247185207316875e+00
9.994329712049999216e+03 1.627047239189999994e-19 9.156965152880000172e-20 1.776841138986173574e+00
1.004653138489999947e+04 1.581360268830000097e-19 9.135740580230000503e-20 1.730960128456480174e+00
1.009864655850000054e+04 1.529808111120000095e-19 9.113694274120000537e-20 1.678581774971505958e+00
1.015067654930000026e+04 1.473285261610000061e-19 9.090964147659999548e-20 1.620603973000181108e+00
1.020262264209999921e+04 1.414633614669999981e-19 9.075143783099999783e-20 1.558800222321956364e+00
1.025444126479999977e+04 1.356405568939999988e-19 9.062381850149999466e-20 1.496742899790245440e+00
1.030610682769999949e+04 1.300208888079999944e-19 9.033515490929999487e-20 1.439316608672958075e+00
1.035762219940000068e+04 1.248564052349999939e-19 9.005851099459999955e-20 1.386392067291524643e+00
1.040899016230000052e+04 1.206156670409999907e-19 8.980714239080000451e-20 1.343052053879358887e+00
1.046021341620000021e+04 1.178201896520000085e-19 8.959336168789999966e-20 1.315054903983050139e+00
1.051129458189999968e+04 1.167294371889999894e-19 8.943880041829999668e-20 1.305131963343238999e+00
1.056223620400000073e+04 1.171400627310000113e-19 8.954820317120000015e-20 1.308122983853169607e+00
1.061304075430000012e+04 1.184910481799999943e-19 8.968143120339999546e-20 1.321243947492976245e+00
1.066371063429999958e+04 1.201869401639999998e-19 8.982280305020000135e-20 1.338044862581611261e+00
1.071424817830000029e+04 1.218406588339999963e-19 8.996202130879999523e-20 1.354356616952554715e+00
1.076465565570000035e+04 1.233582282809999894e-19 9.009652619089999718e-20 1.369178518821289714e+00
1.081493527390000054e+04 1.249457792309999931e-19 9.023203189339999864e-20 1.384716453893122701e+00
1.086508917990000009e+04 1.268617825300000044e-19 9.037633157980000475e-20 1.403705818906626934e+00
1.091511946340000031e+04 1.289223220939999951e-19 9.052598661650000247e-20 1.424147108610485546e+00
1.096502815829999963e+04 1.304438227749999901e-19 9.066374626210000224e-20 1.438764976663325701e+00
1.101481724500000018e+04 1.308850110240000033e-19 9.080319444579999789e-20 1.441414168552458408e+00
1.106447221580000041e+04 1.303029388070000038e-19 9.099968946169999625e-20 1.431905312840017874e+00
1.111398983229999976e+04 1.290696159190000040e-19 9.119953209410000100e-20 1.415244277633195713e+00
1.116337244140000075e+04 1.274342462099999973e-19 9.138872825680000261e-20 1.394419734695432123e+00
1.121262232550000044e+04 1.254687500779999886e-19 9.156923315850000543e-20 1.370206408312083068e+00
1.126174170509999931e+04 1.232391726719999944e-19 9.174297360070000316e-20 1.343309114967030871e+00
1.131073274090000086e+04 1.209056965479999898e-19 9.164279260819999615e-20 1.319314843065810372e+00
1.135959753640000054e+04 1.186866209319999970e-19 9.141269067789999420e-20 1.298360436082139913e+00
1.140833813980000014e+04 1.167557855879999899e-19 9.119265150869999871e-20 1.280320109749865098e+00
1.145695654560000003e+04 1.151512873909999938e-19 9.098318793550000399e-20 1.265632585578703839e+00
1.150545469729999968e+04 1.137535308760000108e-19 9.078083250399999859e-20 1.253056705235521928e+00
1.155383448870000029e+04 1.123535833119999982e-19 9.067187638479999738e-20 1.239122733439259383e+00
1.160204073810000045e+04 1.107771318549999986e-19 9.056604305149999437e-20 1.223164092440331752e+00
1.165006184720000056e+04 1.089753457190000045e-19 9.044405434199999537e-20 1.204892311737008503e+00
1.169790144139999938e+04 1.070248271260000015e-19 9.031860855219999977e-20 1.184969840009709285e+00
1.174556303149999985e+04 1.050489493180000051e-19 9.019287703690000239e-20 1.164714473794000726e+00
1.179305001819999961e+04 1.031376026209999968e-19 9.007935128810000075e-20 1.144963869590222894e+00
1.184036569710000003e+04 1.013238675840000015e-19 9.036230523270000216e-20 1.121306802909375788e+00
1.188751326309999968e+04 9.961128102450000265e-20 9.064729086319999645e-20 1.098888671420174878e+00
1.193449581469999976e+04 9.801071586490000265e-20 9.093489572050000418e-20 1.077811934443169362e+00
1.198131635789999928e+04 9.656054635479999687e-20 9.122624299790000273e-20 1.058473342555856345e+00
1.202797781009999926e+04 9.532605672629999715e-20 9.152306208320000350e-20 1.041552309948314825e+00
1.207448300380000001e+04 9.438065992559999455e-20 9.188128132049999735e-20 1.027202261104540604e+00
1.212083468979999998e+04 9.377379300780000003e-20 9.229234781770000206e-20 1.016051657858203061e+00
1.216703554049999912e+04 9.350403704060000417e-20 9.271265729739999620e-20 1.008535832822280653e+00
1.221308815300000060e+04 9.351968918089999717e-20 9.314076171670000504e-20 1.004068331171185324e+00
1.225899505230000068e+04 9.374705509379999510e-20 9.356256600349999763e-20 1.001971825893414492e+00
1.230475869339999917e+04 9.411750188169999749e-20 9.399187372989999536e-20 1.001336585247369459e+00
1.235038146480000069e+04 9.456703638819999430e-20 9.411558609430000050e-20 1.004796764411026055e+00
1.239586569020000024e+04 9.501532042650000223e-20 9.423275539599999964e-20 1.008304596710680734e+00
1.244121363159999964e+04 9.535171800649999628e-20 9.434731251899999957e-20 1.010645830397105760e+00
1.248642749109999932e+04 9.544526219540000187e-20 9.445636704320000288e-20 1.010469332911647200e+00
1.253150941319999947e+04 9.517508440209999455e-20 9.455725066620000059e-20 1.006533964677981396e+00
1.257646148709999943e+04 9.446233704150000562e-20 9.471817041950000503e-20 9.972990042262542820e-01
1.262128574830000071e+04 9.329062109160000254e-20 9.505882466600000526e-20 9.813988487590417087e-01
1.266596788430000015e+04 9.170799710110000309e-20 9.540722924950000573e-20 9.612269198309268958e-01
1.271050212359999932e+04 8.980758684779999655e-20 9.574910153339999914e-20 9.379470450328201148e-01
1.275489095129999987e+04 8.769970930129999415e-20 9.608736342999999429e-20 9.127080416270300089e-01
1.279913678480000090e+04 8.549297850340000110e-20 9.645472609700000373e-20 8.863534423126525619e-01
1.284324197610000010e+04 8.328917507510000077e-20 9.664223457990000586e-20 8.618299797925282890e-01
1.288720881480000025e+04 8.118056751430000087e-20 9.672168887200000565e-20 8.393212366435527372e-01
1.293103952969999955e+04 7.923692746970000275e-20 9.680791073000000594e-20 8.184964108015307938e-01
1.297473629160000019e+04 7.748652275050000460e-20 9.690175513710000238e-20 7.996400337730659169e-01
1.301830121510000026e+04 7.591033364529999852e-20 9.700282259550000587e-20 7.825579876355216458e-01
1.306173636059999990e+04 7.446242276350000471e-20 9.711002226079999625e-20 7.667841179515201278e-01
1.310504373660000056e+04 7.310544666820000170e-20 9.751231686119999503e-20 7.497047452196118345e-01
1.314822530080000070e+04 7.183372127370000205e-20 9.807011829100000222e-20 7.324730766669449444e-01
1.319128296260000025e+04 7.066558085130000284e-20 9.863618198320000258e-20 7.164265630571139409e-01
1.323421858409999913e+04 6.961425837959999903e-20 9.921143932719999514e-20 7.016757225949691312e-01
1.327703398229999948e+04 6.866464111479999432e-20 9.979616734760000311e-20 6.880488794287480392e-01
1.331973093039999912e+04 6.777385791270000385e-20 1.003898954010000020e-19 6.751063704368088780e-01
1.336231115879999925e+04 6.689056530800000006e-20 1.008121425999999986e-19 6.635169492767034605e-01
1.340477635740000005e+04 6.597463624749999401e-20 1.011639754550000054e-19 6.521554333029051520e-01
1.344712458660000084e+04 6.500536670269999832e-20 1.015668295830000054e-19 6.400255572571346141e-01
1.348933743529999992e+04 6.397935845639999932e-20 1.019741181890000022e-19 6.274078128120698095e-01
1.353141703299999972e+04 6.290341864689999419e-20 1.023863809679999949e-19 6.143729083124828128e-01
1.357336545450000085e+04 6.178963162729999631e-20 1.028043228040000039e-19 6.010411813626170829e-01
1.361518472230000043e+04 6.065196326599999973e-20 1.032287163729999999e-19 5.875493312039655747e-01
1.365687680809999983e+04 5.950445010610000326e-20 1.036603212060000049e-19 5.740330476870623144e-01
1.369844363499999963e+04 5.836050131449999454e-20 1.040998714019999967e-19 5.606203017209371309e-01
1.373988707830000021e+04 5.723258380350000116e-20 1.045481118679999991e-19 5.474281914891062639e-01
1.378120896820000053e+04 5.613142265869999479e-20 1.050058134659999952e-19 5.345553813253861586e-01
1.382241109040000083e+04 5.506445905289999859e-20 1.054737336299999973e-19 5.220679799395853138e-01
1.386349518820000048e+04 5.403447253390000173e-20 1.059525872580000036e-19 5.099872870713697548e-01
1.390446296360000088e+04 5.303907115239999980e-20 1.064431343309999955e-19 4.982855069587437957e-01
1.394531607869999971e+04 5.207148583320000287e-20 1.069463849649999983e-19 4.868933704513833671e-01
1.398605615709999984e+04 5.112229991610000009e-20 1.074636190770000053e-19 4.757172739498914948e-01
